0.90209
0.9023
0.9023
0.9023
0.9023
0.9023
0.9023
0.90251
0.90272
0.90272
0.90272
0.90272
0.90314
0.90314
0.90335
0.90335
0.90356
0.90356
0.90356
0.90356
0.90397
0.90397
0.90397
0.90397
0.90397
0.90418
0.90418
0.90439
0.90439
0.90439
0.90439
0.9046
0.9046
0.9046
0.90481
0.90502
0.90523
0.90523
0.90544
0.90544
0.90565
0.90565
0.90565
0.90565
0.90586
0.90586
0.90586
0.90586
0.90607
0.90607
0.90607
0.90627
0.90627
0.90648
0.90669
0.9069
0.9069
0.9069
0.90711
0.90711
0.90711
0.90732
0.90732
0.90732
0.90732
0.90753
0.90753
0.90774
0.90816
0.90816
0.90816
0.90816
0.90899
0.90899
0.90899
0.9092
0.9092
0.90941
0.90941
0.90962
0.90962
0.90983
0.91004
0.91025
0.91025
0.91046
0.91067
0.91088
0.91088
0.91109
0.91109
0.91129
0.91129
0.91129
0.91129
0.91171
0.91171
0.91192
0.91213
0.91234
0.91234
0.91234
0.91255
0.91276
0.91276
0.91276
0.91276
0.91297
0.91297
0.91318
0.91318
0.91339
0.91339
0.9136
0.9136
0.9136
0.9138
0.9138
0.9138
0.91401
0.91401
0.91401
0.91401
0.91422
0.91422
0.91422
0.91422
0.91422
0.91422
0.91464
0.91464
0.91485
0.91506
0.91506
0.91527
0.91527
0.91527
0.91527
0.91527
0.91548
0.91548
0.91548
0.91548
0.91569
0.9159
0.91611
0.91611
0.91611
0.91611
0.91611
0.91611
0.91611
0.91611
0.91652
0.91652
0.91673
0.91673
0.91694
0.91694
0.91694
0.91694
0.91694
0.91715
0.91715
0.91715
0.91736
0.91736
0.91778
0.91799
0.9182
0.9182
0.91841
0.91841
0.91862
0.91882
0.91882
0.91903
0.91903
0.91924
0.91924
0.91924
0.91945
0.91945
0.91945
0.91966
0.91987
0.91987
0.91987
0.91987
0.92008
0.92008
0.92008
0.92029
0.92029
0.92029
0.92029
0.9205
0.92071
0.92071
0.92071
0.92071
0.92092
0.92092
0.92133
0.92133
0.92154
0.92154
0.92175
0.92217
0.92238
0.92259
0.92259
0.92259
0.92301
0.92322
0.92322
0.92322
0.92364
0.92364
0.92364
0.92364
0.92384
0.92384
0.92384
0.92384
0.92405
0.92405
0.92405
0.92405
0.92405
0.92426
0.92447
0.92447
0.92468
0.92489
0.92489
0.9251
0.92531
0.92552
0.92573
0.92573
0.92573
0.92594
0.92594
0.92594
0.92594
0.92615
0.92615
0.92635
0.92635
0.92656
0.92656
0.92656
0.92656
0.92677
0.92677
0.92677
0.92698
0.92698
0.92698
0.92698
0.9274
0.9274
0.9274
0.92762
0.92762
0.92762
0.92762
0.92783
0.92783
0.92805
0.92827
0.92827
0.92849
0.9287
0.92892
0.92892
0.92892
0.92914
0.92914
0.92936
0.92936
0.92957
0.92957
0.92957
0.92979
0.92979
0.92979
0.92979
0.93001
0.93022
0.93044
0.93066
0.93066
0.93066
0.93088
0.93109
0.93131
0.93131
0.93153
0.93153
0.93175
0.93175
0.93196
0.9324
0.9324
0.9324
0.93262
0.93262
0.93283
0.93283
0.93283
0.93283
0.93283
0.93283
0.93305
0.93305
0.93305
0.93327
0.93327
0.93327
0.93327
0.93348
0.93348
0.93348
0.93392
0.93392
0.93414
0.93414
0.93435
0.93435
0.93479
0.93479
0.93479
0.93501
0.93522
0.93544
0.93566
0.93566
0.93587
0.93587
0.93587
0.93587
0.93587
0.93587
0.93587
0.93609
0.93609
0.93653
0.93674
0.93696
0.93696
0.93696
0.9374
0.9374
0.9374
0.93761
0.93761
0.93783
0.93783
0.93805
0.93827
0.9387
0.9387
0.9387
0.93892
0.93913
0.93913
0.93913
0.93935
0.93935
0.93935
0.93957
0.94
0.94
0.94066
0.94087
0.94087
0.94109
0.94131
0.94131
0.94131
0.94174
0.94196
0.94218
0.94239
0.94239
0.94239
0.94283
0.94305
0.94305
0.94305
0.94326
0.94326
0.94326
0.94326
0.94326
0.94326
0.94348
0.94348
0.94348
0.9437
0.9437
0.94392
0.94392
0.94392
0.94413
0.94413
0.94413
0.94435
0.94435
0.94435
0.94435
0.94435
0.94457
0.94457
0.94457
0.94457
0.94457
0.94478
0.94478
0.945
0.94522
0.94522
0.94522
0.94522
0.94565
0.94587
0.94609
0.94609
0.94609
0.94609
0.94631
0.94631
0.94631
0.94631
0.94652
0.94652
0.94652
0.94652
0.94674
0.94696
0.94717
0.94717
0.94717
0.94739
0.94739
0.94783
0.94804
0.94804
0.94804
0.94804
0.94804
0.94804
0.94826
0.94826
0.94848
0.94848
0.94848
0.9487
0.9487
0.9487
0.9487
0.94891
0.94913
0.94913
0.94913
0.94913
0.94913
0.94913
0.94935
0.94957
0.94957
0.94957
0.94978
0.94978
0.95
0.95
0.95022
0.95043
0.95065
0.95065
0.95065
0.95065
0.95065
0.95065
0.95087
0.9513
0.9513
0.9513
0.9513
0.95152
0.95174
0.95217
0.95217
0.95217
0.95239
0.95261
0.95304
0.95326
0.95326
0.95326
0.95348
0.95348
0.95348
0.95391
0.95391
0.95413
0.95413
0.95435
0.95457
0.95457
0.95478
0.95478
0.95478
0.955
0.955
0.95522
0.95522
0.95543
0.95565
0.95587
0.95587
0.95587
0.95609
0.95609
0.95609
0.95609
0.95609
0.9563
0.9563
0.9563
0.95652
0.95652
0.95652
0.95696
0.95717
0.95761
0.95761
0.95761
0.95761
0.95783
0.95783
0.95804
0.95804
0.95804
0.95804
0.95826
0.95826
0.95826
0.95826
0.95826
0.9587
0.95891
0.95913
0.95913
0.95913
0.95913
0.95935
0.95935
0.95957
0.95957
0.96043
0.96043
0.96043
0.96043
0.96043
0.96065
0.96065
0.96065
0.96065
0.96087
0.96087
0.96087
0.96087
0.96109
0.96109
0.96109
0.9613
0.96152
0.96152
0.96174
0.96174
0.96196
0.96217
0.96239
0.96239
0.96239
0.96283
0.96326
0.96326
0.9637
0.9637
0.96391
0.96391
0.96391
0.96413
0.96413
0.96435
0.96457
0.96478
0.965
0.965
0.96522
0.96522
0.96543
0.96543
0.96565
0.96565
0.96587
0.96587
0.96587
0.96609
0.96609
0.96609
0.96609
0.96609
0.9663
0.96652
0.96652
0.96652
0.96674
0.96674
0.96674
0.96696
0.96717
0.96739
0.96761
0.96783
0.96783
0.96804
0.96804
0.96804
0.96804
0.96804
0.96826
0.96826
0.96826
0.96848
0.96848
0.9687
0.9687
0.96891
0.96891
0.96935
0.96935
0.96957
0.96978
0.97
0.97
0.97087
0.97087
0.97109
0.97109
0.97109
0.9713
0.9713
0.9713
0.97152
0.97152
0.97152
0.97152
0.97174
0.97174
0.97174
0.97174
0.97174
0.97174
0.97174
0.97196
0.97217
0.97217
0.97217
0.97239
0.97239
0.97261
0.97261
0.97261
0.97283
0.97283
0.97283
0.97304
0.97348
0.97348
0.97348
0.9737
0.9737
0.97391
0.97413
0.97413
0.97413
0.97435
0.97435
0.97457
0.97478
0.97478
0.975
0.975
0.975
0.97522
0.97522
0.97543
0.97543
0.97543
0.97565
0.97565
0.97565
0.97565
0.97565
0.97565
0.97587
0.97609
0.97652
0.97652
0.97696
0.97696
0.97739
0.97739
0.97783
0.97804
0.97826
0.97826
0.97826
0.97848
0.9787
0.9787
0.9787
0.9787
0.97891
0.97891
0.97891
0.97913
0.97913
0.97913
0.97957
0.97978
0.97978
0.98
0.98
0.98022
0.98022
0.98043
0.98043
0.98043
0.98043
0.98065
0.98065
0.98065
0.98065
0.98087
0.98087
0.98087
0.98087
0.98109
0.98109
0.98109
0.9813
0.9813
0.98152
0.98152
0.98152
0.98152
0.98196
0.98217
0.98217
0.98217
0.98261
0.98283
0.98283
0.98326
0.98348
0.9837
0.9837
0.9837
0.9837
0.98391
0.98413
0.98435
0.98435
0.98435
0.98478
0.98522
0.98522
0.98543
0.98543
0.98565
0.98565
0.98587
0.98587
0.98587
0.98587
0.98609
0.98609
0.98609
0.98609
0.98652
0.98652
0.98674
0.98674
0.98674
0.98674
0.98696
0.98696
0.98717
0.98717
0.98739
0.98739
0.98739
0.98761
0.98761
0.98761
0.98783
0.98783
0.98783
0.98783
0.98783
0.98783
0.98783
0.98804
0.98826
0.98826
0.98826
0.9887
0.9887
0.9887
0.9887
0.9887
0.98891
0.98891
0.98891
0.98913
0.98913
0.98935
0.98935
0.98957
0.98957
0.98978
0.98978
0.98978
0.98978
0.99
0.99043
0.99043
0.99065
0.99087
0.99109
0.9913
0.9913
0.9913
0.99152
0.99152
0.99152
0.99174
0.99174
0.99196
0.99196
0.99217
0.99217
0.99261
0.99283
0.99304
0.99304
0.99304
0.99304
0.99326
0.99326
0.99326
0.99326
0.9937
0.9937
0.99391
0.99413
0.99413
0.99435
0.99435
0.99478
0.99478
0.995
0.995
0.99522
0.99522
0.99543
0.99565
0.99565
0.99587
0.99587
0.99609
0.99609
0.9963
0.99652
0.99652
0.99652
0.99674
0.99717
0.99761
0.99783
0.99783
0.99783
0.99804
0.99804
0.99804
0.99804
0.99826
0.99848
0.99891
0.99891
0.99891
0.99913
0.99913
0.99935
0.99935
0.99957
0.99978
1
1
1.0002
1.0005
1.0005
1.0007
1.0007
1.0009
1.0009
1.0009
1.0009
1.0009
1.0012
1.0012
1.0014
1.0014
1.0023
1.0023
1.0025
1.0028
1.0028
1.003
1.003
1.0032
1.0035
1.0037
1.0037
1.0037
1.0039
1.0039
1.0042
1.0042
1.0042
1.0044
1.0044
1.0044
1.0046
1.0046
1.0046
1.0046
1.0049
1.0049
1.0051
1.0051
1.0051
1.0053
1.0056
1.0058
1.006
1.006
1.006
1.006
1.006
1.006
1.0063
1.0063
1.0065
1.0065
1.0065
1.0067
1.0067
1.0067
1.0067
1.0069
1.0069
1.0069
1.0072
1.0072
1.0074
1.0074
1.0074
1.0074
1.0076
1.0079
1.0079
1.0079
1.0081
1.0083
1.0083
1.0083
1.0086
1.0086
1.0086
1.0088
1.009
1.009
1.0093
1.0093
1.0095
1.0095
1.0097
1.0097
1.01
1.01
1.0102
1.0102
1.0104
1.0104
1.0104
1.0106
1.0109
1.0109
1.0111
1.0111
1.0111
1.0111
1.0111
1.0111
1.0111
1.0113
1.0116
1.0118
1.012
1.0123
1.0123
1.0123
1.0125
1.0125
1.0125
1.0125
1.0127
1.0127
1.0127
1.0127
1.0132
1.0134
1.0134
1.0134
1.0137
1.0137
1.0139
1.0146
1.0146
1.0148
1.015
1.015
1.015
1.0153
1.0153
1.0155
1.0157
1.0157
1.0162
1.0162
1.0164
1.0164
1.0167
1.0167
1.0167
1.0167
1.0167
1.0167
1.0167
1.0169
1.0171
1.0171
1.0171
1.0174
1.0178
1.0178
1.0178
1.0181
1.0183
1.0183
1.0188
1.0188
1.019
1.019
1.0192
1.0201
1.0201
1.0201
1.0204
1.0208
1.0208
1.0211
1.0215
1.0215
1.0215
1.0218
1.0218
1.0218
1.0218
1.022
1.022
1.0227
1.0234
1.0234
1.0236
1.0238
1.0238
1.0238
1.0241
1.0241
1.0241
1.0241
1.0243
1.0243
1.0243
1.0243
1.0245
1.0245
1.0255
1.0255
1.0257
1.0257
1.0257
1.0259
1.0264
1.0264
1.0264
1.0266
1.0266
1.0266
1.0269
1.0269
1.0269
1.0269
1.0271
1.0271
1.0273
1.0278
1.028
1.0282
1.0282
1.0285
1.0285
1.0285
1.0287
1.0287
1.0289
1.0289
1.0292
1.0292
1.0294
1.0294
1.0296
1.0296
1.0296
1.0296
1.0299
1.0299
1.0301
1.0301
1.0301
1.0303
1.0303
1.0303
1.0306
1.0306
1.0306
1.0313
1.0313
1.0315
1.0317
1.0317
1.0317
1.0317
1.0319
1.0319
1.0319
1.0319
1.0322
1.0322
1.0324
1.0326
1.0331
1.0336
1.0336
1.034
1.034
1.0343
1.0345
1.0345
1.0345
1.0347
1.035
1.0354
1.0354
1.0356
1.0356
1.0356
1.0359
1.0359
1.0361
1.0363
1.0363
1.0363
1.0366
1.0373
1.0373
1.0375
1.0377
1.0377
1.038
1.038
1.0382
1.0382
1.0384
1.0387
1.0387
1.0387
1.0389
1.0389
1.0391
1.0396
1.0398
1.0398
1.04
1.04
1.0403
1.0403
1.0403
1.0405
1.0405
1.0405
1.0405
1.0407
1.0407
1.0414
1.0417
1.0417
1.0419
1.0419
1.0419
1.0419
1.0424
1.0426
1.0426
1.0428
1.0431
1.0431
1.0431
1.0433
1.0433
1.0433
1.0435
1.0435
1.0435
1.0435
1.0435
1.0437
1.044
1.044
1.044
1.044
1.0442
1.0442
1.0442
1.0444
1.0444
1.0447
1.0447
1.0449
1.0449
1.0451
1.0451
1.0454
1.0456
1.0456
1.0456
1.0458
1.0458
1.0461
1.0465
1.047
1.047
1.0475
1.0475
1.0475
1.0477
1.0477
1.0477
1.0479
1.0484
1.0484
1.0486
1.0486
1.0486
1.0488
1.0491
1.0493
1.0495
1.0495
1.05
1.0502
1.0502
1.0502
1.0505
1.0507
1.0507
1.0507
1.0517
1.0517
1.0519
1.0522
1.0522
1.0524
1.0524
1.0527
1.0527
1.0529
1.0532
1.0532
1.0534
1.0534
1.0536
1.0536
1.0539
1.0541
1.0544
1.0546
1.0546
1.0549
1.0553
1.0558
1.0558
1.0558
1.0561
1.0563
1.0563
1.0566
1.0568
1.0573
1.0573
1.0573
1.0575
1.0578
1.058
1.058
1.0583
1.0583
1.0587
1.0587
1.0587
1.0587
1.0592
1.0592
1.0592
1.0592
1.0597
1.0597
1.0597
1.0597
1.06
1.06
1.0602
1.0604
1.0604
1.0607
1.0609
1.0609
1.0612
1.0612
1.0612
1.0614
1.0614
1.0614
1.0614
1.0617
1.0617
1.0617
1.0617
1.0619
1.0619
1.0619
1.0621
1.0621
1.0621
1.0621
1.0626
1.0626
1.0626
1.0629
1.0631
1.0631
1.0631
1.0631
1.0631
1.0636
1.0636
1.0638
1.0638
1.0643
1.0646
1.0646
1.0646
1.065
1.0653
1.0653
1.0655
1.0655
1.0655
1.0655
1.0655
1.0658
1.066
1.066
1.0663
1.0663
1.0665
1.0667
1.0667
1.067
1.067
1.0672
1.0672
1.0672
1.0675
1.0675
1.0675
1.0675
1.0677
1.068
1.0682
1.0687
1.0687
1.0692
1.0697
1.0699
1.0699
1.0699
1.0699
1.0701
1.0704
1.0704
1.0706
1.0706
1.0718
1.0718
1.0721
1.0723
1.0723
1.0726
1.0728
1.0728
1.0731
1.0731
1.0733
1.0733
1.0735
1.074
1.074
1.074
1.074
1.0743
1.0743
1.0743
1.0743
1.0743
1.0743
1.0745
1.0745
1.0745
1.0748
1.0748
1.075
1.0752
1.0752
1.0752
1.0752
1.0752
1.0757
1.076
1.0762
1.0762
1.0765
1.0767
1.0767
1.0767
1.0769
1.0769
1.0777
1.0777
1.0782
1.0784
1.0786
1.0789
1.0791
1.0791
1.0794
1.0794
1.0796
1.0796
1.0799
1.0799
1.0801
1.0801
1.0803
1.0803
1.0803
1.0806
1.0806
1.0808
1.0811
1.0813
1.0813
1.0816
1.0818
1.0818
1.082
1.082
1.082
1.0825
1.0825
1.0828
1.083
1.0833
1.0835
1.0835
1.0837
1.0837
1.0837
1.084
1.084
1.084
1.0842
1.0845
1.0847
1.085
1.085
1.085
1.085
1.085
1.0852
1.0854
1.0857
1.0862
1.0862
1.0862
1.0862
1.0864
1.0867
1.0869
1.0869
1.0869
1.0871
1.0876
1.0876
1.0876
1.0879
1.0883
1.0883
1.0883
1.0883
1.0886
1.0888
1.0888
1.0891
1.0896
1.0898
1.09
1.09
1.0908
1.091
1.091
1.0913
1.0913
1.0915
1.0915
1.0917
1.0917
1.092
1.092
1.0922
1.0925
1.0925
1.093
1.0932
1.0934
1.0934
1.0934
1.0937
1.0939
1.0942
1.0944
1.0944
1.0947
1.0947
1.0949
1.0949
1.0949
1.0951
1.0951
1.0954
1.0956
1.0956
1.0956
1.0961
1.0966
1.0968
1.0968
1.0973
1.0973
1.0973
1.0976
1.0978
1.0978
1.0978
1.0978
1.0981
1.0981
1.0981
1.0981
1.0981
1.0983
1.0985
1.0988
1.099
1.099
1.0993
1.0993
1.0995
1.0995
1.1
1.1
1.1003
1.1003
1.1005
1.1008
1.101
1.1013
1.1013
1.1013
1.1018
1.1018
1.1024
1.1024
1.1029
1.1029
1.1031
1.1034
1.1034
1.1037
1.1039
1.1039
1.1042
1.1042
1.1047
1.1047
1.105
1.105
1.105
1.1055
1.1055
1.1058
1.106
1.106
1.1065
1.1065
1.1065
1.1068
1.1071
1.1071
1.1071
1.1073
1.1076
1.1076
1.1076
1.1079
1.1079
1.1079
1.1081
1.1081
1.1081
1.1081
1.1081
1.1084
1.1089
1.1089
1.1097
1.1099
1.1099
1.1102
1.1105
1.1105
1.111
1.111
1.1113
1.1115
1.112
1.112
1.112
1.112
1.1128
1.1131
1.1136
1.1139
1.1139
1.1139
1.1139
1.1141
1.1141
1.1147
1.1147
1.1149
1.1149
1.1154
1.1154
1.1154
1.1157
1.116
1.1162
1.1162
1.1162
1.1165
1.1165
1.1168
1.1168
1.117
1.1173
1.1173
1.1173
1.1175
1.1175
1.1178
1.1181
1.1181
1.1183
1.1183
1.1186
1.1186
1.1186
1.1188
1.1188
1.1191
1.1194
1.1194
1.1199
1.1202
1.1204
1.1207
1.1209
1.1209
1.1209
1.1215
1.1215
1.1215
1.1215
1.1217
1.1217
1.122
1.1228
1.123
1.123
1.1233
1.1236
1.1236
1.1236
1.1238
1.1238
1.1241
1.1241
1.1241
1.1243
1.1243
1.1246
1.1254
1.1254
1.1254
1.1257
1.1257
1.1259
1.1262
1.1264
1.1264
1.1267
1.1267
1.127
1.127
1.127
1.1272
1.1272
1.1275
1.1275
1.1275
1.1277
1.1277
1.1277
1.1283
1.1288
1.1288
1.1291
1.1293
1.1296
1.1296
1.1296
1.1296
1.1304
1.1306
1.1309
1.1314
1.1317
1.1317
1.1317
1.1317
1.1317
1.1317
1.1319
1.1319
1.1322
1.1325
1.1327
1.1332
1.1332
1.1335
1.1335
1.1338
1.1338
1.1346
1.1348
1.1348
1.1351
1.1351
1.1351
1.1353
1.1356
1.1359
1.1359
1.1361
1.1361
1.1366
1.1374
1.1377
1.1377
1.1377
1.138
1.138
1.138
1.1382
1.1382
1.1385
1.1385
1.1385
1.1387
1.1387
1.1387
1.1387
1.139
1.139
1.139
1.139
1.1393
1.1393
1.1393
1.1395
1.1398
1.1398
1.1398
1.1401
1.1401
1.1401
1.1406
1.1406
1.1408
1.1414
1.1414
1.1414
1.1416
1.1419
1.1421
1.1421
1.1421
1.1421
1.1421
1.1432
1.1435
1.1435
1.1435
1.1435
1.1437
1.1437
1.1437
1.1437
1.1437
1.144
1.144
1.1445
1.1445
1.1448
1.1448
1.1453
1.1455
1.1455
1.1455
1.1461
1.1463
1.1463
1.1466
1.1469
1.1471
1.1471
1.1474
1.1479
1.1482
1.1482
1.1482
1.1484
1.1484
1.1484
1.1484
1.1484
1.149
1.1492
1.1495
1.1497
1.15
1.1503
1.1503
1.1506
1.1509
1.1509
1.1511
1.1514
1.1517
1.152
1.152
1.1523
1.1523
1.1523
1.1523
1.1529
1.1531
1.1534
1.1534
1.1537
1.154
1.154
1.1543
1.1543
1.1543
1.1549
1.1551
1.1551
1.1554
1.1554
1.1554
1.1554
1.1557
1.1557
1.156
1.1563
1.1563
1.1566
1.1566
1.1569
1.1571
1.1571
1.1574
1.1577
1.158
1.1583
1.1586
1.1589
1.1591
1.1591
1.1591
1.1594
1.1597
1.1597
1.1603
1.1603
1.1606
1.1609
1.1617
1.1617
1.1617
1.162
1.1626
1.1629
1.1629
1.1629
1.1634
1.1634
1.1634
1.1637
1.1637
1.164
1.164
1.1643
1.1643
1.1643
1.1646
1.1646
1.1646
1.1651
1.1651
1.1654
1.1657
1.166
1.166
1.1663
1.1666
1.1666
1.1671
1.1671
1.1671
1.1674
1.1677
1.168
1.168
1.168
1.1683
1.1683
1.1686
1.1689
1.1691
1.1694
1.1694
1.1694
1.1694
1.1694
1.1697
1.1697
1.1706
1.1706
1.1706
1.1709
1.1709
1.1709
1.1711
1.1717
1.172
1.1723
1.1726
1.1729
1.1729
1.1729
1.1729
1.1729
1.1731
1.1731
1.1731
1.1734
1.1737
1.1737
1.1737
1.1743
1.1743
1.1743
1.1746
1.1754
1.1754
1.1754
1.1754
1.1754
1.1757
1.1766
1.1769
1.1771
1.1771
1.1774
1.1777
1.1777
1.1786
1.1786
1.1786
1.1786
1.1786
1.1789
1.1789
1.1789
1.1791
1.1791
1.1791
1.1791
1.18
1.18
1.18
1.1803
1.1803
1.1806
1.1806
1.1809
1.1811
1.1811
1.1814
1.1814
1.1817
1.1817
1.182
1.1823
1.1826
1.1826
1.1829
1.1831
1.1831
1.1837
1.184
1.1843
1.1843
1.1846
1.1846
1.1846
1.1851
1.1854
1.1854
1.186
1.186
1.1863
1.1863
1.1863
1.1863
1.1863
1.1869
1.1869
1.1869
1.1871
1.1871
1.1877
1.1877
1.188
1.1883
1.1883
1.1886
1.1886
1.1889
1.1891
1.1891
1.1894
1.1894
1.1894
1.1897
1.1897
1.1897
1.1903
1.1903
1.1906
1.1909
1.1909
1.1909
1.1911
1.1911
1.1917
1.1923
1.1923
1.1926
1.1926
1.1926
1.1929
1.1931
1.194
1.1943
1.1943
1.1943
1.1946
1.1949
1.1951
1.1954
1.1954
1.1957
1.1957
1.196
1.1966
1.1966
1.1971
1.1971
1.1974
1.1974
1.1974
1.1977
1.1977
1.198
1.1983
1.1989
1.1989
1.1989
1.1991
1.1991
1.1991
1.1994
1.1997
1.1997
1.1997
1.2
1.2003
1.2006
1.2006
1.2006
1.201
1.201
1.2013
1.2013
1.2013
1.2016
1.2016
1.2016
1.2016
1.2019
1.2019
1.2022
1.2022
1.2022
1.2029
1.2029
1.2029
1.2029
1.2032
1.2032
1.2032
1.2032
1.2032
1.2035
1.2035
1.2042
1.2042
1.2045
1.2048
1.2048
1.2051
1.2051
1.2051
1.2055
1.2055
1.2055
1.2058
1.2058
1.2058
1.2061
1.2064
1.2071
1.2071
1.2074
1.2077
1.2077
1.2077
1.208
1.208
1.208
1.208
1.208
1.208
1.2084
1.2087
1.2093
1.21
1.21
1.2106
1.2112
1.2116
1.2119
1.2119
1.2122
1.2122
1.2125
1.2125
1.2129
1.2129
1.2132
1.2135
1.2135
1.2138
1.2141
1.2141
1.2151
1.2151
1.2151
1.2154
1.2157
1.2161
1.2161
1.2164
1.2167
1.217
1.2174
1.2174
1.2174
1.2177
1.2177
1.2177
1.2177
1.2177
1.2177
1.218
1.2186
1.219
1.219
1.219
1.2193
1.2193
1.2196
1.2202
1.2206
1.2209
1.2212
1.2212
1.2212
1.2212
1.2212
1.2219
1.2222
1.2222
1.2225
1.2228
1.2228
1.2228
1.2231
1.2235
1.2235
1.2235
1.2238
1.2238
1.2241
1.2241
1.2244
1.2244
1.2244
1.2247
1.2247
1.2247
1.2254
1.2257
1.226
1.226
1.226
1.226
1.2263
1.2267
1.2267
1.227
1.2276
1.2276
1.2276
1.2276
1.2276
1.228
1.2283
1.2283
1.2286
1.2286
1.2286
1.2296
1.2299
1.2299
1.2305
1.2305
1.2308
1.2312
1.2315
1.2315
1.2318
1.2318
1.2321
1.2321
1.2328
1.2328
1.2328
1.2334
1.2337
1.2337
1.2337
1.2341
1.2344
1.2344
1.2347
1.2347
1.2347
1.235
1.235
1.2353
1.2353
1.2357
1.2357
1.236
1.2363
1.2363
1.2363
1.2363
1.2373
1.2373
1.2376
1.2376
1.2376
1.2379
1.2379
1.2379
1.2379
1.2382
1.2382
1.2386
1.2386
1.2386
1.2389
1.2389
1.2389
1.2392
1.2395
1.2398
1.2402
1.2405
1.2408
1.2411
1.2415
1.2424
1.2427
1.2431
1.2434
1.2434
1.2437
1.2437
1.244
1.244
1.244
1.244
1.2443
1.2443
1.2443
1.245
1.245
1.245
1.2456
1.2456
1.2456
1.2456
1.246
1.2463
1.2466
1.2466
1.2466
1.2469
1.2469
1.2482
1.2485
1.2485
1.2485
1.2485
1.2488
1.2488
1.2488
1.2495
1.2495
1.2498
1.2501
1.2505
1.2508
1.2508
1.2514
1.2514
1.2517
1.2517
1.2517
1.2524
1.2524
1.2527
1.2527
1.2531
1.2534
1.2534
1.2534
1.2538
1.2538
1.2542
1.2542
1.2542
1.2542
1.2542
1.2545
1.2545
1.2545
1.2545
1.2545
1.2545
1.2549
1.2549
1.2553
1.2553
1.2564
1.2564
1.2564
1.2567
1.2567
1.2567
1.2567
1.2571
1.2575
1.2575
1.2575
1.2575
1.2578
1.2578
1.2578
1.2582
1.2589
1.2589
1.2593
1.2597
1.2597
1.2601
1.2612
1.2612
1.2612
1.2615
1.2623
1.2623
1.2623
1.2623
1.2626
1.2626
1.2626
1.263
1.263
1.263
1.263
1.2634
1.2637
1.2641
1.2641
1.2641
1.2641
1.2641
1.2641
1.2645
1.2645
1.2648
1.2648
1.2652
1.2652
1.2652
1.2656
1.2656
1.2656
1.2656
1.2656
1.2659
1.2659
1.2659
1.2659
1.2663
1.2663
1.267
1.2674
1.2678
1.2678
1.2681
1.2681
1.2685
1.2685
1.2692
1.2696
1.2707
1.2711
1.2714
1.2718
1.2718
1.2729
1.2733
1.2737
1.2737
1.2737
1.2737
1.2737
1.274
1.274
1.274
1.2744
1.2744
1.2744
1.2748
1.2748
1.2748
1.2751
1.2759
1.2759
1.2759
1.2759
1.2762
1.2766
1.2766
1.277
1.2773
1.2773
1.2777
1.2777
1.2781
1.2784
1.2784
1.2784
1.2788
1.2788
1.2792
1.2795
1.2795
1.2795
1.2795
1.2803
1.281
1.2814
1.2817
1.2817
1.2825
1.2825
1.2825
1.2828
1.2828
1.2828
1.2836
1.2836
1.2836
1.2836
1.284
1.2843
1.2843
1.2847
1.2851
1.2851
1.2854
1.2858
1.2858
1.2862
1.2862
1.2869
1.2873
1.2876
1.2876
1.2876
1.288
1.288
1.2884
1.2884
1.2887
1.2891
1.2891
1.2891
1.2902
1.2902
1.2906
1.2906
1.2906
1.2906
1.2909
1.2913
1.2913
1.2913
1.2913
1.2917
1.292
1.2924
1.2924
1.2924
1.2924
1.2935
1.2939
1.2942
1.2942
1.2946
1.2946
1.2946
1.2946
1.295
1.295
1.295
1.2957
1.2961
1.2961
1.2965
1.2968
1.2972
1.2972
1.2983
1.2987
1.2987
1.2987
1.2987
1.299
1.299
1.299
1.2994
1.2998
1.3001
1.3001
1.3001
1.3005
1.3005
1.3005
1.3009
1.3012
1.3012
1.3012
1.3016
1.3016
1.3016
1.302
1.302
1.302
1.302
1.3023
1.3027
1.3027
1.3027
1.3027
1.3031
1.3035
1.3035
1.3035
1.3039
1.3039
1.3039
1.3044
1.3052
1.3052
1.3052
1.3056
1.3056
1.306
1.306
1.3064
1.3069
1.3073
1.3073
1.3073
1.3077
1.3081
1.3081
1.3085
1.309
1.309
1.3102
1.3102
1.3106
1.311
1.311
1.3115
1.3119
1.3119
1.3119
1.3123
1.3123
1.3123
1.3127
1.3127
1.3127
1.3131
1.3135
1.3135
1.3135
1.3135
1.314
1.3144
1.3148
1.3148
1.3148
1.3148
1.3152
1.3152
1.3156
1.316
1.3165
1.3169
1.3173
1.3173
1.3177
1.3177
1.3181
1.3181
1.3181
1.3181
1.319
1.3194
1.3194
1.3198
1.3202
1.3202
1.3206
1.3206
1.321
1.321
1.321
1.321
1.3215
1.3215
1.3219
1.3223
1.3227
1.3227
1.3231
1.3231
1.3231
1.3235
1.3235
1.324
1.3244
1.3244
1.3248
1.3248
1.3248
1.3248
1.3252
1.3252
1.3252
1.3252
1.326
1.326
1.326
1.3265
1.3265
1.3265
1.3265
1.3269
1.3269
1.3273
1.3273
1.3277
1.3285
1.3285
1.329
1.3294
1.3294
1.3294
1.3298
1.3306
1.331
1.331
1.3314
1.3319
1.3319
1.3323
1.3323
1.3339
1.3348
1.3352
1.3352
1.3352
1.3356
1.336
1.3364
1.3364
1.3369
1.3373
1.3377
1.3381
1.3381
1.3385
1.3385
1.3385
1.3398
1.3398
1.3398
1.3398
1.3402
1.3406
1.341
1.341
1.341
1.3414
1.3414
1.3414
1.3414
1.3419
1.3423
1.3427
1.3427
1.3427
1.3427
1.3431
1.3431
1.3435
1.3435
1.3435
1.3435
1.3444
1.3444
1.3452
1.3452
1.3452
1.3456
1.346
1.346
1.346
1.3469
1.3469
1.3473
1.3473
1.3473
1.3473
1.3477
1.3477
1.3481
1.3485
1.3489
1.3489
1.3489
1.3494
1.3494
1.3494
1.3498
1.3502
1.3502
1.3506
1.351
1.351
1.3515
1.3523
1.3527
1.3532
1.3532
1.3532
1.3536
1.3545
1.355
1.355
1.3555
1.3555
1.3555
1.3564
1.3564
1.3568
1.3568
1.3568
1.3568
1.3568
1.3573
1.3577
1.3582
1.3591
1.3596
1.3596
1.3605
1.361
1.361
1.361
1.3614
1.3623
1.3623
1.3628
1.3637
1.3637
1.3637
1.3642
1.3646
1.3646
1.3646
1.3651
1.3655
1.366
1.366
1.3669
1.3674
1.3678
1.3683
1.3683
1.3683
1.3688
1.3697
1.3701
1.3701
1.3701
1.371
1.371
1.3715
1.3715
1.3715
1.3715
1.3715
1.372
1.372
1.3724
1.3724
1.3724
1.3729
1.3729
1.3729
1.3733
1.3733
1.3738
1.3738
1.3747
1.3747
1.3752
1.3752
1.3752
1.3756
1.3756
1.3756
1.3756
1.3766
1.377
1.3775
1.3779
1.3784
1.3788
1.3793
1.3798
1.3802
1.3802
1.3807
1.3811
1.3811
1.3816
1.383
1.3834
1.3839
1.3839
1.3844
1.3848
1.3853
1.3853
1.3853
1.3862
1.3866
1.3866
1.3866
1.3866
1.3871
1.3871
1.3871
1.3876
1.3876
1.388
1.388
1.388
1.388
1.388
1.388
1.388
1.3889
1.3899
1.3903
1.3903
1.3903
1.3903
1.3912
1.3912
1.3917
1.3917
1.3917
1.3926
1.3926
1.3944
1.3949
1.3949
1.3954
1.3954
1.3967
1.3977
1.3977
1.3981
1.3981
1.399
1.3995
1.3999
1.3999
1.3999
1.3999
1.4004
1.4004
1.4009
1.4009
1.4022
1.4027
1.4032
1.4032
1.4032
1.4032
1.4037
1.4037
1.4048
1.4048
1.4048
1.4058
1.4069
1.4074
1.4074
1.4074
1.4074
1.4074
1.4084
1.4084
1.4084
1.4084
1.409
1.4095
1.4105
1.411
1.411
1.411
1.411
1.411
1.4121
1.4126
1.4126
1.4131
1.4136
1.4147
1.4152
1.4152
1.4152
1.4157
1.4162
1.4162
1.4168
1.4173
1.4173
1.4178
1.4178
1.4183
1.4188
1.4194
1.4194
1.4194
1.4204
1.4204
1.4209
1.4209
1.4215
1.4215
1.422
1.4235
1.4241
1.4246
1.4246
1.4251
1.4256
1.4256
1.4267
1.4267
1.4272
1.4272
1.4272
1.4272
1.4277
1.4277
1.4287
1.4287
1.4293
1.4293
1.4293
1.4298
1.4303
1.4308
1.4313
1.4319
1.4329
1.4334
1.4345
1.4345
1.4345
1.435
1.4355
1.436
1.436
1.436
1.436
1.436
1.4371
1.4376
1.4376
1.4381
1.4381
1.4386
1.4386
1.4392
1.4397
1.4397
1.4402
1.4402
1.4407
1.4407
1.4418
1.4418
1.4423
1.4423
1.4423
1.4428
1.4433
1.4433
1.4444
1.4449
1.4449
1.4454
1.4459
1.447
1.447
1.447
1.448
1.4491
1.4491
1.4496
1.4496
1.4506
1.4506
1.4517
1.4517
1.4522
1.4527
1.4544
1.4544
1.4544
1.4544
1.455
1.455
1.4556
1.4562
1.4562
1.4562
1.4568
1.4568
1.4579
1.4585
1.4591
1.4597
1.4597
1.4603
1.4603
1.4603
1.4603
1.4603
1.4614
1.4614
1.462
1.462
1.462
1.462
1.4626
1.4626
1.4626
1.4632
1.4643
1.4643
1.4643
1.4643
1.4643
1.4649
1.4661
1.4661
1.4661
1.4667
1.4678
1.4684
1.4684
1.469
1.4696
1.4707
1.4713
1.4713
1.4719
1.473
1.473
1.4736
1.4736
1.4742
1.4742
1.4748
1.4748
1.476
1.4777
1.4777
1.4777
1.4783
1.4783
1.4789
1.4794
1.4794
1.48
1.48
1.48
1.4806
1.4806
1.4812
1.4812
1.4812
1.4812
1.4812
1.4818
1.4818
1.4824
1.4824
1.4824
1.4829
1.4835
1.4835
1.4841
1.4841
1.4847
1.4847
1.4847
1.4853
1.4864
1.487
1.487
1.4876
1.4882
1.4893
1.4899
1.4905
1.4911
1.4917
1.4922
1.4928
1.4934
1.4934
1.4934
1.494
1.4946
1.4946
1.4957
1.4957
1.4963
1.4963
1.4969
1.4969
1.4969
1.4969
1.4975
1.498
1.498
1.498
1.4986
1.4986
1.4998
1.5004
1.5004
1.5015
1.5027
1.5027
1.5027
1.5033
1.504
1.504
1.504
1.5053
1.5053
1.5065
1.5072
1.5072
1.5078
1.5085
1.5085
1.5085
1.5091
1.5091
1.5098
1.5098
1.5098
1.511
1.5117
1.5117
1.5123
1.5123
1.513
1.5149
1.5155
1.5155
1.5155
1.5168
1.5168
1.5174
1.5174
1.5181
1.5181
1.5181
1.5187
1.5187
1.52
1.52
1.5213
1.5213
1.5219
1.5226
1.5226
1.5239
1.5239
1.5239
1.5245
1.5251
1.5251
1.5251
1.5258
1.5258
1.5264
1.5264
1.5264
1.5271
1.5277
1.5277
1.5283
1.529
1.529
1.5296
1.5309
1.5322
1.5322
1.5335
1.5335
1.5341
1.5341
1.5354
1.5354
1.536
1.5367
1.5367
1.538
1.538
1.5386
1.5399
1.5399
1.5405
1.5405
1.5418
1.5431
1.5437
1.5437
1.5444
1.5444
1.545
1.545
1.5463
1.5463
1.5463
1.5463
1.5463
1.5469
1.5476
1.5476
1.5476
1.5489
1.5495
1.5501
1.5501
1.5508
1.5514
1.5514
1.5527
1.5541
1.5547
1.5547
1.5547
1.5554
1.5561
1.5561
1.5568
1.5568
1.5568
1.5574
1.5574
1.5581
1.5581
1.5581
1.5588
1.5588
1.5588
1.5588
1.5595
1.5601
1.5608
1.5615
1.5615
1.5622
1.5622
1.5622
1.5628
1.5635
1.5635
1.5642
1.5655
1.5662
1.5669
1.5669
1.5669
1.5676
1.5682
1.5682
1.5682
1.5689
1.5689
1.5689
1.5696
1.5696
1.5696
1.5703
1.5703
1.5709
1.5716
1.5716
1.573
1.5736
1.5743
1.575
1.5757
1.5757
1.5757
1.5763
1.5763
1.5763
1.577
1.577
1.5777
1.5797
1.5811
1.5818
1.5824
1.5824
1.5824
1.5838
1.5845
1.5851
1.5851
1.5865
1.5865
1.5872
1.5872
1.5878
1.5878
1.5892
1.5892
1.5905
1.5905
1.5912
1.5932
1.5932
1.5939
1.5946
1.5953
1.5973
1.5973
1.5993
1.6
1.6007
1.6013
1.6034
1.6034
1.6041
1.6041
1.6048
1.6048
1.6048
1.6056
1.6056
1.6077
1.6077
1.6084
1.6084
1.6091
1.6091
1.6091
1.6091
1.6113
1.6141
1.6141
1.6148
1.617
1.617
1.6184
1.6191
1.6198
1.6206
1.6213
1.622
1.622
1.622
1.6234
1.6256
1.6256
1.6256
1.6263
1.6263
1.6263
1.6277
1.6277
1.6284
1.6291
1.6298
1.6298
1.632
1.6327
1.6334
1.6334
1.6341
1.6348
1.6348
1.6363
1.637
1.637
1.637
1.637
1.6377
1.6384
1.6391
1.6391
1.6398
1.6406
1.6427
1.6434
1.6434
1.6434
1.6441
1.6456
1.6456
1.6463
1.6463
1.6463
1.6477
1.6484
1.6484
1.6484
1.6484
1.6491
1.6491
1.6498
1.6506
1.652
1.652
1.6527
1.6549
1.6556
1.6556
1.6556
1.6556
1.6563
1.6563
1.6578
1.6578
1.6578
1.6578
1.6585
1.6585
1.6585
1.6599
1.6607
1.6614
1.6614
1.6621
1.6636
1.6643
1.6643
1.665
1.6657
1.6665
1.6679
1.6686
1.6694
1.6694
1.6694
1.6701
1.6708
1.6708
1.6715
1.6723
1.6723
1.6737
1.6759
1.6759
1.6766
1.6773
1.6781
1.6781
1.6788
1.6795
1.6795
1.6802
1.6802
1.681
1.681
1.681
1.681
1.6817
1.6831
1.6846
1.6846
1.6846
1.6846
1.6853
1.6853
1.6882
1.6882
1.6889
1.6897
1.6897
1.6897
1.6904
1.6911
1.6918
1.6918
1.6918
1.6918
1.6926
1.6926
1.6933
1.694
1.694
1.6955
1.6962
1.6969
1.6969
1.6969
1.6984
1.6984
1.6984
1.6991
1.7013
1.7013
1.7013
1.7042
1.705
1.705
1.7058
1.7073
1.7104
1.7104
1.7104
1.7112
1.7119
1.7119
1.7127
1.7135
1.7135
1.7135
1.7135
1.715
1.715
1.715
1.715
1.7165
1.7173
1.7173
1.7196
1.7204
1.7212
1.7212
1.7227
1.7235
1.7242
1.7242
1.725
1.7258
1.7258
1.7273
1.7273
1.7304
1.7304
1.7319
1.7327
1.7335
1.7335
1.7342
1.7358
1.7365
1.7365
1.7365
1.7365
1.7373
1.7381
1.7389
1.7389
1.7389
1.7427
1.7435
1.745
1.7465
1.7473
1.7473
1.7473
1.7481
1.7481
1.7489
1.7496
1.7496
1.7512
1.7512
1.7527
1.7527
1.7535
1.7543
1.7551
1.7551
1.7567
1.759
1.759
1.7606
1.7606
1.7622
1.7622
1.7622
1.763
1.763
1.763
1.763
1.7646
1.7646
1.7654
1.7662
1.767
1.767
1.7678
1.7686
1.7694
1.7702
1.7702
1.7717
1.7725
1.7741
1.7757
1.7757
1.7765
1.7765
1.7773
1.7789
1.7789
1.7797
1.7805
1.7805
1.7805
1.7813
1.7813
1.7829
1.7829
1.7837
1.7844
1.7852
1.786
1.7868
1.7868
1.7876
1.7892
1.79
1.7916
1.7924
1.794
1.7948
1.7971
1.7971
1.7979
1.7979
1.8003
1.8003
1.8019
1.8019
1.8019
1.8043
1.8051
1.8051
1.8051
1.8067
1.8067
1.8075
1.8075
1.8108
1.8124
1.8124
1.8124
1.8132
1.8132
1.814
1.814
1.8148
1.8156
1.8156
1.8164
1.8164
1.818
1.8196
1.8221
1.8221
1.8221
1.8237
1.8245
1.8253
1.8253
1.8253
1.8253
1.8261
1.8269
1.8277
1.8277
1.8293
1.8293
1.8309
1.8317
1.8325
1.8325
1.8325
1.8333
1.8342
1.8342
1.8342
1.8342
1.835
1.835
1.8358
1.8366
1.8374
1.8374
1.8382
1.8382
1.839
1.839
1.839
1.8414
1.8422
1.843
1.8438
1.8438
1.8438
1.8446
1.8446
1.8454
1.8454
1.8471
1.8471
1.8471
1.8479
1.8487
1.8495
1.8495
1.8503
1.8519
1.8519
1.8527
1.8527
1.8527
1.8535
1.8535
1.8568
1.8593
1.8593
1.8601
1.8601
1.8625
1.8691
1.8699
1.8707
1.8707
1.8716
1.8724
1.8724
1.8724
1.8732
1.874
1.8765
1.8765
1.8765
1.8797
1.8822
1.8847
1.8863
1.8871
1.8888
1.8888
1.8896
1.8912
1.8912
1.892
1.8929
1.8937
1.8945
1.8961
1.8978
1.8978
1.8978
1.8986
1.8994
1.8994
1.8994
1.9002
1.9011
1.9011
1.9019
1.9019
1.9027
1.906
1.906
1.9077
1.911
1.9135
1.9135
1.9144
1.9144
1.9144
1.9177
1.9177
1.9185
1.9194
1.9194
1.9194
1.9219
1.9227
1.9227
1.9227
1.9244
1.9244
1.9244
1.9252
1.9252
1.9252
1.9252
1.9252
1.926
1.9269
1.9269
1.9285
1.9294
1.9294
1.9294
1.9302
1.931
1.9319
1.9335
1.9352
1.936
1.936
1.9385
1.9394
1.941
1.941
1.9427
1.9435
1.9435
1.946
1.946
1.9485
1.951
1.951
1.9527
1.9535
1.9544
1.9544
1.9552
1.9561
1.9561
1.9603
1.9612
1.962
1.962
1.962
1.962
1.9637
1.9646
1.9654
1.9671
1.9671
1.9671
1.968
1.9688
1.9713
1.9713
1.9722
1.9722
1.973
1.9756
1.9764
1.9773
1.979
1.979
1.979
1.9807
1.9807
1.9815
1.9815
1.9815
1.9832
1.9849
1.9849
1.9849
1.9849
1.9858
1.9858
1.9858
1.9874
1.9874
1.9883
1.9883
1.99
1.99
1.99
1.9934
1.9959
1.9968
1.9968
1.9968
1.9968
1.9976
1.9976
1.9993
2.0027
2.0036
2.0044
2.0053
2.007
2.007
2.0079
2.0087
2.0096
2.0096
2.0105
2.0105
2.0105
2.0113
2.0113
2.0122
2.0122
2.013
2.013
2.0139
2.0174
2.0191
2.0217
2.0225
2.0243
2.026
2.026
2.026
2.0268
2.0286
2.0311
2.0311
2.0363
2.0372
2.038
2.0389
2.0389
2.0398
2.0406
2.0415
2.0415
2.0441
2.0441
2.0449
2.0475
2.0484
2.0484
2.0484
2.0484
2.0493
2.0501
2.0501
2.0501
2.0501
2.0527
2.0545
2.0545
2.0545
2.0553
2.0553
2.0562
2.0588
2.0588
2.0597
2.0597
2.0632
2.0641
2.0641
2.065
2.0659
2.0667
2.0676
2.0685
2.0694
2.0702
2.0711
2.0729
2.0729
2.0738
2.0755
2.079
2.079
2.0843
2.0843
2.0843
2.086
2.086
2.0869
2.0869
2.0878
2.0878
2.0878
2.0887
2.0895
2.0922
2.0922
2.0939
2.0948
2.0948
2.0957
2.0983
2.0983
2.0983
2.1001
2.1001
2.1001
2.1036
2.1053
2.1053
2.1062
2.1062
2.1071
2.1071
2.108
2.108
2.1097
2.1097
2.1115
2.1115
2.1115
2.1123
2.1123
2.1132
2.1141
2.115
2.115
2.1202
2.1202
2.1211
2.1211
2.1211
2.1229
2.1238
2.1238
2.1246
2.1255
2.1255
2.1255
2.1264
2.1264
2.1281
2.1308
2.1316
2.1316
2.1325
2.1334
2.1343
2.1352
2.1352
2.1352
2.1378
2.1395
2.1404
2.1431
2.1439
2.1439
2.1439
2.1466
2.1474
2.1483
2.1483
2.1518
2.1518
2.1527
2.1527
2.1527
2.1527
2.1536
2.1554
2.1572
2.1591
2.1591
2.1591
2.1609
2.1618
2.1636
2.1654
2.1654
2.1654
2.1663
2.1672
2.1672
2.1682
2.17
2.1718
2.1718
2.1736
2.1772
2.1782
2.1782
2.1791
2.18
2.1809
2.1818
2.1818
2.1827
2.1854
2.1863
2.1872
2.1872
2.1882
2.19
2.1909
2.1945
2.1963
2.1963
2.1972
2.2
2.2018
2.2018
2.2036
2.2054
2.209
2.2098
2.2098
2.2107
2.2116
2.2125
2.2125
2.2134
2.2152
2.2161
2.2179
2.2188
2.2206
2.2206
2.2223
2.2241
2.225
2.2268
2.2268
2.2286
2.2331
2.2366
2.2366
2.2411
2.2411
2.242
2.2447
2.2447
2.2473
2.2473
2.2482
2.2518
2.2527
2.2536
2.2536
2.2536
2.2583
2.2602
2.2602
2.2602
2.2611
2.263
2.263
2.2639
2.2639
2.2639
2.2639
2.2649
2.2658
2.2658
2.2667
2.2686
2.2686
2.2696
2.2705
2.2705
2.2714
2.2724
2.2724
2.2724
2.2733
2.2733
2.2742
2.2752
2.2752
2.2761
2.2771
2.2771
2.278
2.2789
2.2845
2.2845
2.2855
2.2874
2.2902
2.2911
2.2911
2.292
2.2938
2.2956
2.2965
2.2973
2.3009
2.3037
2.3037
2.3046
2.3056
2.3065
2.3085
2.3094
2.3114
2.3114
2.3114
2.3123
2.3142
2.3142
2.3171
2.3171
2.3181
2.319
2.321
2.321
2.321
2.3229
2.3239
2.3258
2.3267
2.3277
2.3287
2.3287
2.3287
2.3296
2.3296
2.3306
2.3306
2.3306
2.3315
2.3325
2.3344
2.3354
2.3364
2.3383
2.3392
2.3412
2.3431
2.3431
2.345
2.346
2.3469
2.3479
2.3508
2.3517
2.3517
2.3546
2.3576
2.3576
2.3585
2.3605
2.3605
2.3624
2.3624
2.3634
2.3673
2.3682
2.3682
2.3682
2.3712
2.3741
2.376
2.377
2.377
2.3789
2.3789
2.3789
2.3809
2.3809
2.3828
2.3828
2.3838
2.3838
2.3848
2.3867
2.3867
2.3867
2.3906
2.3916
2.3925
2.3925
2.3925
2.3935
2.3935
2.3955
2.3955
2.3964
2.3974
2.3974
2.3984
2.3993
2.4023
2.4032
2.4032
2.4071
2.4081
2.414
2.414
2.4191
2.4201
2.4201
2.4211
2.4242
2.4262
2.4272
2.4282
2.4292
2.4312
2.4312
2.4322
2.4393
2.4393
2.4403
2.4403
2.4424
2.4434
2.4444
2.4444
2.4454
2.4464
2.4464
2.4464
2.4474
2.4494
2.4494
2.4505
2.4545
2.4565
2.4596
2.4606
2.4616
2.4616
2.4666
2.4717
2.4727
2.4737
2.4737
2.4778
2.4798
2.4859
2.4859
2.4889
2.4909
2.495
2.499
2.499
2.5031
2.5031
2.5081
2.5091
2.5101
2.5122
2.5132
2.5132
2.5132
2.5152
2.5172
2.5182
2.5182
2.5182
2.5192
2.5203
2.5223
2.5233
2.5233
2.5263
2.5273
2.5283
2.5324
2.5324
2.5334
2.5344
2.5375
2.5435
2.5445
2.5455
2.5466
2.5476
2.5476
2.5476
2.5516
2.5526
2.5526
2.5617
2.5648
2.5658
2.5698
2.5718
2.5729
2.5729
2.5749
2.5779
2.5779
2.5779
2.5799
2.5799
2.5809
2.584
2.585
2.5911
2.5921
2.5952
2.5994
2.5994
2.5994
2.6004
2.6025
2.6036
2.6036
2.6057
2.6089
2.611
2.6121
2.6132
2.6143
2.6154
2.6199
2.621
2.6221
2.6232
2.6265
2.6265
2.6276
2.6309
2.6309
2.6309
2.6332
2.6398
2.6409
2.6498
2.6509
2.6531
2.6531
2.6553
2.6598
2.6598
2.6609
2.6609
2.662
2.6653
2.6653
2.6664
2.6675
2.6708
2.6731
2.6731
2.6742
2.6764
2.6786
2.6808
2.6819
2.683
2.6841
2.6919
2.6919
2.693
2.6952
2.6963
2.6963
2.7008
2.7019
2.7019
2.703
2.7074
2.7119
2.7152
2.7163
2.7185
2.7252
2.7285
2.7307
2.7318
2.7329
2.734
2.7362
2.7429
2.7517
2.754
2.754
2.7551
2.7584
2.7584
2.7584
2.7595
2.7639
2.765
2.7662
2.7662
2.7673
2.7728
2.7761
2.7795
2.7806
2.7817
2.7817
2.7839
2.7861
2.7872
2.7883
2.7883
2.7894
2.7972
2.7972
2.7994
2.8005
2.8016
2.8038
2.8061
2.8072
2.8083
2.8094
2.8127
2.8138
2.8138
2.8171
2.8194
2.8194
2.8271
2.8282
2.8304
2.8304
2.8304
2.8349
2.836
2.8415
2.8415
2.8437
2.846
2.8493
2.8504
2.8548
2.8559
2.857
2.8581
2.8581
2.8593
2.8593
2.8659
2.8692
2.8692
2.8714
2.8748
2.8759
2.8759
2.8759
2.8792
2.8803
2.8814
2.8814
2.8836
2.887
2.8892
2.8947
2.898
2.9014
2.9025
2.9113
2.9147
2.9158
2.9169
2.9191
2.9202
2.9257
2.9269
2.9313
2.9413
2.9446
2.9457
2.9479
2.949
2.949
2.949
2.9535
2.9535
2.9568
2.959
2.9612
2.9634
2.9645
2.9656
2.969
2.9734
2.9745
2.9812
2.9845
2.99
2.9945
2.9989
2.9989
2.9989
3
3
3.0012
3.0059
3.0143
3.0178
3.019
3.0202
3.0285
3.0309
3.0309
3.0345
3.0404
3.0404
3.0416
3.0428
3.044
3.044
3.044
3.0452
3.0523
3.0535
3.0618
3.0654
3.0702
3.0737
3.0737
3.0773
3.0785
3.0797
3.0797
3.0809
3.0868
3.0927
3.0939
3.0951
3.0963
3.0975
3.107
3.1118
3.1142
3.1165
3.1165
3.1225
3.1357
3.1369
3.1369
3.1393
3.1405
3.1429
3.1442
3.1442
3.1466
3.1502
3.1527
3.1599
3.1636
3.1648
3.1648
3.1648
3.166
3.1709
3.1721
3.1781
3.1818
3.1854
3.1854
3.1866
3.1879
3.1939
3.2022
3.2022
3.2033
3.2044
3.2093
3.2106
3.2106
3.2119
3.2119
3.2144
3.2157
3.2157
3.222
3.2246
3.2309
3.2322
3.2335
3.2347
3.2373
3.2475
3.2487
3.25
3.25
3.2513
3.2513
3.2538
3.2563
3.2563
3.2576
3.2576
3.2729
3.2741
3.2792
3.283
3.2869
3.2881
3.2907
3.2945
3.2958
3.2983
3.2996
3.3059
3.3072
3.3136
3.3136
3.3161
3.3174
3.3199
3.3225
3.3314
3.3326
3.3339
3.3403
3.3415
3.3428
3.3479
3.3479
3.3542
3.3555
3.3555
3.3644
3.3657
3.3657
3.3695
3.3695
3.3708
3.372
3.372
3.3822
3.3835
3.3873
3.3873
3.3886
3.3962
3.3987
3.4013
3.413
3.4169
3.4169
3.4208
3.4234
3.4312
3.4352
3.4365
3.443
3.4443
3.4509
3.4548
3.4613
3.4783
3.4783
3.4836
3.4836
3.4888
3.4888
3.4888
3.5006
3.5045
3.5045
3.5058
3.5058
3.5084
3.5084
3.5084
3.5084
3.511
3.5124
3.5137
3.515
3.515
3.5176
3.5189
3.5189
3.5202
3.5294
3.5294
3.532
3.5346
3.5385
3.5398
3.549
3.5516
3.5581
3.5608
3.5647
3.5673
3.5765
3.5778
3.5778
3.5817
3.5817
3.5856
3.5974
3.6
3.6
3.6027
3.616
3.6186
3.6213
3.6226
3.6239
3.6266
3.6293
3.6333
3.6386
3.6399
3.6399
3.6426
3.6492
3.6492
3.6532
3.6545
3.6585
3.6652
3.6665
3.6705
3.6759
3.6772
3.68
3.6813
3.6827
3.6922
3.695
3.71
3.7154
3.7168
3.7195
3.7195
3.7195
3.7236
3.7236
3.7277
3.7291
3.7318
3.7386
3.74
3.7427
3.7427
3.7454
3.7454
3.7577
3.7604
3.7632
3.7673
3.7673
3.7768
3.7782
3.7836
3.7877
3.7877
3.7918
3.7932
3.7959
3.7973
3.8028
3.8055
3.8055
3.8303
3.8345
3.8359
3.84
3.8414
3.8428
3.8455
3.851
3.8524
3.8552
3.8648
3.8662
3.8759
3.8772
3.8841
3.8897
3.9021
3.9048
3.9103
3.9172
3.9228
3.9324
3.9338
3.9421
3.9421
3.949
3.9517
3.9586
3.96
3.9641
3.9669
3.9752
3.9779
3.9793
3.9834
3.9972
3.9986
4.0028
4.0042
4.0098
4.0112
4.0168
4.0168
4.0196
4.0252
4.0308
4.035
4.0434
4.0448
4.0462
4.0476
4.0575
4.0631
4.0701
4.0771
4.0799
4.0813
4.0869
4.0939
4.0953
4.0953
4.0967
4.0995
4.1176
4.119
4.1231
4.1286
4.1327
4.1327
4.1368
4.1423
4.1437
4.1478
4.1492
4.1506
4.1519
4.1588
4.1588
4.1629
4.1657
4.1657
4.1684
4.1725
4.1794
4.1821
4.1835
4.1863
4.1904
4.2269
4.2269
4.2269
4.2269
4.2311
4.2325
4.2354
4.2382
4.2439
4.2538
4.2665
4.2721
4.275
4.282
4.2863
4.2905
4.2919
4.2976
4.2976
4.3047
4.316
4.316
4.3259
4.3287
4.3371
4.3399
4.3455
4.365
4.3748
4.379
4.3916
4.3958
4.3958
4.4
4.4056
4.4056
4.4083
4.4111
4.4167
4.4417
4.4529
4.4821
4.489
4.4918
4.4974
4.4974
4.5057
4.5196
4.5252
4.5293
4.5349
4.5419
4.5446
4.5586
4.5613
4.5669
4.5697
4.5697
4.5864
4.5892
4.5919
4.5975
4.6014
4.6125
4.6167
4.6167
4.6264
4.632
4.6417
4.6556
4.6612
4.6612
4.6737
4.6792
4.6806
4.6904
4.6918
4.7001
4.707
4.7098
4.721
4.7251
4.7501
4.7515
4.7529
4.771
4.7903
4.7986
4.7986
4.8115
4.8425
4.8452
4.8574
4.8628
4.8642
4.8669
4.8777
4.8858
4.8899
4.8926
4.898
4.9156
4.9183
4.9385
4.948
4.9561
4.9615
4.9629
4.9805
4.9818
5.0081
5.0134
5.0215
5.0228
5.0336
5.0349
5.0536
5.0536
5.0639
5.0664
5.078
5.0819
5.1037
5.1153
5.1217
5.1243
5.132
5.1346
5.1423
5.1565
5.1578
5.1732
5.1732
5.1758
5.1783
5.1796
5.2026
5.2156
5.2195
5.2272
5.2441
5.2733
5.2883
5.2896
5.3022
5.3059
5.3072
5.316
5.321
5.3536
5.3612
5.38
5.3887
5.3938
5.3938
5.4
5.4025
5.4037
5.4212
5.4374
5.4374
5.4437
5.4549
5.4561
5.4609
5.4966
5.5169
5.5288
5.536
5.5383
5.5598
5.6011
5.6023
5.6057
5.6562
5.6583
5.6594
5.6703
5.6746
5.6779
5.679
5.6899
5.7029
5.7105
5.7257
5.7344
5.7399
5.7507
5.7507
5.7627
5.7855
5.7938
5.7969
5.8
5.8107
5.8118
5.8193
5.831
5.8482
5.8523
5.8553
5.8654
5.8744
5.8775
5.8865
5.8885
5.9097
5.9177
5.9187
5.9248
5.9278
5.9388
5.9439
5.9489
5.9539
5.956
5.962
5.969
5.9721
5.9858
5.9934
6.0161
6.0218
6.0389
6.0445
6.0464
6.0474
6.054
6.055
6.0559
6.0625
6.0673
6.0682
6.0739
6.0787
6.0881
6.0948
6.1185
6.1194
6.1213
6.163
6.1924
6.2018
6.2047
6.2189
6.2369
6.254
6.254
6.2833
6.2862
6.2938
6.3137
6.3175
6.3241
6.326
6.3298
6.379
6.4416
6.5165
6.5193
6.525
6.5411
6.5439
6.5477
6.5657
6.5837
6.5904
6.5904
6.6311
6.6434
6.6453
6.6558
6.6652
6.7022
6.7022
6.7098
6.742
6.7714
6.7827
6.7827
6.8263
6.8367
6.8822
6.9334
7.0329
7.0632
7.1049
7.2878
7.321
7.338
7.6034
7.6375
