1.023
1.03
1.033
1.04
1.06
1.063
1.063
1.07
1.07
1.08
1.08
1.09
1.09
1.09
1.1
1.11
1.11
1.12
1.14
1.14
1.15
1.15
1.16
1.163
1.17
1.17
1.17
1.18
1.18
1.188
1.19
1.2
1.21
1.217
1.22
1.227
1.23
1.235
1.24
1.243
1.243
1.25
1.275
1.29
1.295
1.31
1.31
1.31
1.317
1.325
1.337
1.34
1.34
1.345
1.35
1.357
1.357
1.37
1.38
1.38
1.38
1.38
1.38
1.395
1.395
1.4
1.4
1.41
1.41
1.418
1.44
1.45
1.45
1.45
1.457
1.467
1.5
1.5
1.5
1.5
1.505
1.52
1.55
1.56
1.585
1.595
1.61
1.62
1.625
1.65
1.69
1.695
1.73
1.738
1.745
1.75
1.753
1.77
1.78
1.783
1.79
1.805
1.813
1.813
1.83
1.85
1.85
1.86
1.873
1.89
1.9
1.93
1.93
1.933
1.95
1.95
1.977
1.98
1.993
2
2.01
2.025
2.04
2.063
2.08
2.088
2.125
2.13
2.13
2.15
2.15
2.2
2.2
2.22
2.225
2.237
2.24
2.25
2.26
2.3
2.313
2.32
2.35
2.36
2.37
2.39
2.4
2.41
2.42
2.45
2.463
2.49
2.51
2.51
2.52
2.52
2.62
2.625
2.63
2.66
2.67
2.68
2.688
2.713
2.73
2.75
2.84
2.888
2.92
2.97
2.98
3
3.04
3.08
3.39
3.52
3.54
3.59
3.71
3.75
3.87
3.91
3.92
3.93
4.13
4.13
4.47
4.81
4.86
5.05
5.72
6.41
7.15
7.18
11.96
16.31
16.63
18.91
31.21
45.7
