0.255
0.447
0.161
0.185
0.136
0.244
0.245
0.275
0.146
0.147
0.164
0.175
0.415
0.391
0.166
1.188
0.172
0.138
0.396
0.156
0.154
0.152
0.122
0.108
0.192
0.31
0.149
0.147
0.31
0.301
0.166
0.144
0.452
0.129
0.213
0.265
0.039
0.663
0.216
0.289
0.311
0.221
0.16
0.352
1.2
0.149
0.2
0.175
0.071
0.3
0.063
0.134
0.194
0.193
0.396
0.4
0.129
1.805
0.144
0.23
0.131
0.126
0.21
0.186
0.169
0.122
0.138
0.086
0.203
0.351
0.762
0.15
0.4
0.193
1.31
0.111
0.188
0.555
0.226
0.091
0.169
0.141
0.273
0.116
0.381
0.149
0.198
0.104
0.15
0.855
0.157
0.104
0.306
1.738
0.107
0.203
0.166
0.354
0.179
0.132
0.369
0.148
0.143
0.162
0.042
0.135
0.303
0.311
1.783
0.295
0.196
0.14
0.335
0.189
0.14
0.191
0.279
0.213
0.697
0.166
0.38
1.695
2.237
0.38
2.088
0.505
0.264
0.376
0.39
1.467
0.81
0.191
0.127
0.214
0.127
0.196
0.244
0.102
0.266
0.345
0.221
0.236
0.276
2.313
0.203
0.141
0.304
0.26
0.196
0.131
0.268
1.325
0.351
2.15
0.445
0.848
1.753
0.88
0.289
0.185
0.66
0.46
0.181
0.133
0.364
0.134
0.304
0.143
0.159
0.94
0.159
0.122
0.517
0.472
0.117
0.125
0.274
0.235
0.138
0.2
0.618
1.85
0.166
0.157
0.356
0.983
0.183
0.538
0.291
0.179
0.201
0.237
0.252
0.52
0.361
0.146
0.123
0.233
0.359
0.665
0.173
0.395
0.244
0.572
0.291
0.207
1.17
0.292
0.51
0.942
0.193
0.387
0.728
0.131
0.139
1.317
0.665
0.06
0.455
0.268
0.145
0.275
0.23
0.184
0.294
0.226
1.163
0.117
0.138
0.201
0.241
0.144
0.493
0.61
0.125
0.156
1.993
0.134
0.765
0.172
0.128
0.189
0.315
0.386
0.292
0.295
0.138
0.188
0.169
0.386
0.34
0.415
0.289
0.168
0.173
0.498
0.248
0.142
0.209
0.845
0.174
0.131
0.502
0.176
0.27
0.141
0.344
0.35
0.189
0.225
0.294
0.149
0.219
0.246
0.163
0.235
2.25
0.382
1.585
0.613
0.189
0.129
0.214
0.203
0.14
0.143
0.038
0.24
0.17
0.215
1.243
0.407
0.17
0.825
0.147
0.259
0.13
0.291
0.084
1.25
0.248
0.256
0.423
0.126
0.134
0.079
0.218
0.066
0.201
0.133
0.169
0.161
0.276
0.148
0.325
0.301
0.125
0.182
0.139
0.211
0.292
0.219
0.184
0.43
0.164
0.225
0.658
0.193
0.189
0.236
0.391
0.14
0.133
0.124
0.153
0.099
0.155
0.141
1.023
0.243
0.157
0.127
2.063
0.527
0.166
0.132
0.144
0.183
0.209
0.234
0.177
0.157
0.112
0.221
0.25
0.137
0.369
0.3
0.126
0.24
0.1
0.127
0.159
0.26
0.12
0.144
0.167
0.153
0.39
0.112
0.23
0.149
0.113
0.154
0.538
0.141
0.118
0.126
0.262
0.102
0.259
0.123
0.369
0.477
1.873
0.168
0.149
0.17
0.463
0.131
0.181
0.226
0.226
0.156
0.134
0.132
0.167
0.305
1.977
0.381
0.162
0.169
0.123
0.284
0.19
0.12
0.137
0.117
0.19
0.053
0.162
0.228
0.084
1
0.27
0.149
0.245
0.193
0.178
0.186
0.216
0.204
0.357
0.228
0.237
0.26
0.167
0.156
0.163
0.236
0.598
2.15
1.395
0.236
0.139
0.229
0.164
0.45
0.259
0.221
0.125
0.412
0.148
0.142
0.218
0.17
0.112
0.179
0.098
0.108
0.1
0.199
0.22
0.215
0.27
0.119
0.415
0.228
0.029
0.147
0.136
0.056
0.268
1.625
0.374
0.146
0.125
0.134
0.188
0.152
0.306
0.117
0.076
0.189
0.655
0.161
0.072
0.161
0.14
0.226
0.29
0.132
0.122
0.23
0.162
0.157
0.326
0.067
0.252
0.137
0.071
0.128
0.136
0.17
0.231
0.167
0.239
0.124
0.265
0.145
0.226
0.205
0.152
0.037
0.142
0.412
0.151
0.204
0.14
0.189
0.066
0.101
0.137
0.05
0.086
0.043
0.553
0.938
0.137
0.345
0.278
0.558
0.169
0.155
0.193
0.1
0.095
0.04
0.603
0.221
0.029
0.675
0.088
0.255
0.29
1.345
0.183
0.102
0.137
0.224
0.28
0.237
0.219
0.24
0.053
0.26
0.209
0.143
0.295
0.149
0.179
0.192
0.289
0.468
0.219
0.211
0.194
0.252
0.138
0.18
0.166
0.268
0.393
0.339
0.144
0.123
0.274
0.259
0.183
0.51
0.281
0.289
0.133
0.21
0.074
0.24
0.186
0.203
0.146
0.28
0.167
0.34
1.35
0.167
0.149
0.65
1.17
0.14
0.423
0.137
0.186
0.29
0.157
0.148
0.229
0.168
0.268
0.18
0.055
0.154
0.148
0.243
1.595
0.3
0.168
0.182
0.115
0.161
0.14
0.215
0.24
0.059
0.254
2.35
0.171
0.172
0.154
0.522
0.51
0.495
0.184
0.139
0.14
0.186
0.278
0.216
0.415
0.266
0.19
0.234
0.613
0.147
0.14
0.153
0.185
0.141
0.132
0.355
0.131
0.309
0.098
0.169
0.134
0.309
0.204
0.132
0.933
0.106
0.196
0.73
0.099
0.229
0.678
0.305
0.147
0.428
0.115
0.25
0.168
0.38
0.137
0.134
0.182
0.127
0.237
0.174
2.2
0.201
0.154
0.142
0.142
0.157
0.204
1.227
0.185
0.249
0.131
0.154
0.134
1.235
0.197
0.22
0.121
0.505
0.135
0.241
0.153
0.107
0.168
1.933
0.163
0.55
0.155
0.088
0.147
0.256
0.301
0.465
0.248
0.146
0.166
0.156
0.129
0.205
0.147
0.147
0.36
0.354
0.517
0.111
0.138
0.14
0.26
0.052
0.211
0.319
0.169
0.191
0.076
0.129
0.204
0.174
0.945
0.203
0.188
0.14
0.153
0.153
0.148
0.14
0.226
0.191
0.115
0.149
0.101
0.329
0.153
0.172
0.089
0.386
0.169
0.136
0.195
0.181
0.269
0.24
0.149
0.168
0.13
0.239
0.298
0.196
0.132
0.078
0.335
0.7
0.72
0.438
0.14
0.266
0.808
0.169
0.2
0.221
0.276
0.158
0.176
0.262
0.282
0.154
0.498
0.188
1.295
3
0.148
0.322
0.183
0.125
0.455
0.057
0.237
0.613
0.137
0.405
0.164
0.043
0.244
0.106
0.146
0.21
0.16
0.093
0.204
0.178
0.185
0.225
0.116
0.433
0.206
0.174
0.156
0.062
0.123
0.123
0.285
0.122
0.229
0.149
0.159
0.55
0.335
0.164
0.199
0.176
0.27
0.341
0.131
1.745
0.455
1.03
0.273
0.138
0.128
0.244
0.381
0.282
0.19
0.179
0.139
0.346
0.185
0.135
0.176
0.182
0.206
0.181
0.159
0.199
0.074
0.162
0.215
0.245
0.298
0.395
0.545
0.364
0.14
0.243
0.161
0.139
0.154
0.334
0.26
0.278
0.155
0.195
1.357
0.151
0.157
0.14
0.191
0.268
0.268
0.181
0.176
0.351
0.168
0.246
0.197
0.221
0.133
0.052
0.246
0.853
0.292
0.141
0.752
0.102
0.73
0.221
0.44
0.169
0.73
0.182
0.23
0.645
0.168
0.97
0.127
0.17
0.166
0.35
0.405
0.162
0.24
0.595
0.276
0.249
0.134
0.159
0.198
0.199
0.127
0.173
0.135
0.235
0.135
0.237
0.44
0.433
0.154
2.463
0.355
0.17
0.757
0.206
0.241
0.748
0.34
0.196
0.159
0.206
0.162
0.582
0.14
0.151
0.525
0.239
0.743
0.248
0.133
0.246
0.12
0.72
0.333
0.236
0.22
0.33
0.189
0.225
0.216
0.248
0.25
0.206
0.13
0.158
0.284
0.141
0.14
0.166
0.294
0.188
2.625
0.923
2.125
0.712
0.228
0.198
0.231
0.181
0.199
0.219
0.144
0.48
0.975
0.346
0.147
0.525
0.147
0.224
0.239
0.13
0.175
0.149
0.152
0.249
0.122
0.138
0.685
0.234
0.287
0.215
0.076
0.119
0.642
0.194
0.265
0.117
0.349
0.65
0.477
0.224
0.445
0.111
0.128
0.204
0.158
0.344
0.678
0.163
0.087
0.522
0.124
0.109
0.316
0.22
0.361
0.213
0.177
0.428
0.211
0.21
0.115
0.273
0.251
0.21
0.266
0.284
0.27
0.211
0.495
0.296
0.164
0.198
0.553
0.44
0.171
0.299
0.164
0.205
0.149
0.53
0.377
0.099
0.264
0.221
0.108
0.146
0.181
0.214
0.743
0.095
0.577
2.025
1.357
0.034
1.813
0.145
0.141
0.952
0.241
0.214
0.438
0.213
0.134
0.116
0.156
0.198
0.13
0.116
0.142
0.146
0.222
0.152
0.181
0.47
0.126
0.156
0.234
0.184
0.154
0.22
0.428
0.235
0.493
0.156
0.144
0.114
0.201
0.122
0.163
0.148
0.176
0.243
0.248
0.173
0.102
0.149
0.147
0.246
0.126
0.192
1.813
0.156
0.126
0.101
0.255
0.226
0.55
0.148
0.855
0.146
0.343
0.162
0.164
0.153
0.178
0.141
0.176
0.48
0.468
0.393
0.194
0.123
0.095
0.124
0.141
0.081
0.234
0.16
0.278
0.221
0.27
0.174
0.314
0.055
0.132
0.101
0.188
0.183
0.978
0.123
0.139
0.159
0.084
0.138
0.282
0.159
0.357
0.354
0.182
0.333
0.188
0.294
0.183
0.19
0.152
0.179
0.133
0.23
0.165
0.21
0.155
0.28
0.147
0.472
0.178
0.155
0.159
0.246
0.154
0.23
0.5
0.145
0.176
0.156
0.112
0.131
0.228
0.204
0.115
0.169
0.174
0.947
0.269
0.177
0.214
0.099
0.075
0.393
0.304
0.16
0.17
0.245
0.122
0.157
1.243
0.423
0.428
0.132
0.152
0.219
0.228
0.138
1.5
0.172
0.14
0.239
0.412
0.655
0.214
0.244
0.211
0.21
0.347
0.157
0.159
0.132
0.292
0.262
0.141
0.61
0.199
0.205
0.055
0.294
0.167
0.314
0.128
0.18
2
0.145
0.15
0.205
0.076
0.153
0.632
0.477
0.173
0.116
0.145
0.123
0.294
0.102
0.213
0.127
0.186
0.07
0.256
0.193
0.167
0.216
0.195
0.127
0.563
0.264
0.17
0.167
2.713
2.888
2.225
1.418
1.505
2.688
1.457
1.275
1.337
0.458
0.59
0.405
0.502
0.215
1
0.61
0.361
0.26
0.64
1.395
0.66
0.387
0.218
0.329
0.326
0.373
0.326
0.51
0.199
0.468
0.425
0.52
0.673
0.642
0.269
0.259
0.351
0.587
0.316
0.417
0.637
0.249
1.033
0.177
0.23
1.21
0.39
0.257
0.335
0.222
1.217
0.752
0.59
0.281
0.18
0.249
0.339
0.254
0.772
0.191
0.222
0.294
0.345
0.266
0.206
0.255
0.745
0.273
0.154
0.303
0.285
0.233
0.169
0.159
0.213
0.184
0.138
0.14
0.182
0.165
0.15
0.256
0.163
0.299
0.195
0.249
0.224
0.257
0.203
0.18
0.132
0.171
0.177
1.063
0.291
0.149
0.252
0.159
0.146
0.137
0.256
0.152
0.261
0.16
0.204
0.495
0.186
0.196
0.245
0.169
0.256
0.169
0.248
0.285
0.228
0.21
0.163
0.276
0.184
0.298
0.417
0.122
0.198
0.244
0.183
0.255
0.325
0.221
0.248
0.199
0.158
0.248
0.225
0.128
0.105
0.192
0.162
0.139
0.241
0.155
0.213
0.144
0.325
0.17
0.216
0.211
0.169
0.21
0.174
0.184
0.167
0.522
0.249
0.265
0.158
0.197
0.191
0.138
0.233
0.128
0.146
0.22
0.149
0.153
0.133
0.14
0.171
0.191
0.152
0.248
0.191
0.196
0.175
0.128
0.325
0.151
1.063
0.17
0.16
0.188
0.122
0.149
0.139
0.209
0.89
0.191
0.183
0.201
0.299
0.226
0.21
0.16
0.142
0.186
0.122
0.16
0.108
0.204
0.755
0.211
0.29
0.146
0.957
0.171
0.153
0.206
0.132
0.398
0.154
0.179
0.184
0.235
0.184
0.133
0.78
0.143
0.094
0.123
0.148
0.141
0.197
0.168
0.154
0.147
0.214
0.153
0.214
0.233
0.146
0.359
0.133
0.236
0.245
0.135
0.174
0.305
0.193
0.172
0.264
0.102
0.27
0.6
0.134
0.126
0.167
0.26
0.205
0.187
0.147
0.292
0.271
0.152
0.115
0.094
0.145
0.291
0.209
0.261
0.24
0.118
0.145
0.171
0.175
0.106
0.145
0.298
0.125
0.119
0.147
0.201
0.079
0.138
0.084
0.274
0.113
0.135
0.138
0.097
0.228
0.122
0.301
0.068
0.294
0.192
0.203
0.349
0.149
0.158
0.105
0.214
0.075
0.19
0.29
0.147
0.298
0.086
0.162
0.082
0.138
0.156
0.152
0.115
0.142
0.359
0.086
0.124
0.125
0.072
0.345
0.066
0.178
0.235
0.21
0.326
0.076
0.322
0.301
0.119
0.183
0.132
0.281
0.359
0.213
0.147
0.191
0.266
0.21
0.273
0.313
0.123
0.177
0.038
0.14
0.335
0.273
0.317
0.211
0.16
0.127
0.199
0.153
0.152
0.273
0.182
0.252
0.147
0.228
0.153
0.14
0.136
0.15
0.162
0.125
0.122
0.229
0.119
0.204
0.033
0.241
0.233
0.276
0.163
0.13
0.315
0.298
0.146
0.061
0.34
0.128
0.192
0.177
