2.8713
2.9259
2.7775
2.8366
2.8019
2.7995
2.8227
2.8725
2.7389
2.8157
2.7949
2.7775
2.8331
2.7741
2.7552
2.869
2.7541
2.7337
2.721
2.703
2.7606
2.7178
2.7891
2.8378
2.7465
2.7476
2.7199
2.7073
2.7083
2.7856
2.722
2.7498
2.7094
2.6893
2.5998
2.6883
2.7326
2.6809
2.6092
2.6282
2.6177
2.7606
2.6324
2.702
2.6872
2.7694
2.7104
2.6598
2.7273
2.6177
2.6219
2.5808
2.6546
2.6493
2.5977
2.6746
2.5597
2.5618
2.6071
2.5502
2.7337
2.6272
2.6261
2.7294
2.682
2.6208
2.6577
2.6525
2.6187
2.7052
2.7178
2.7241
2.5871
2.4933
2.5249
2.4269
2.5492
2.5207
2.5102
2.5334
2.6767
2.5133
2.703
2.5808
2.5555
2.5566
2.4754
2.5555
2.6398
2.5513
2.5882
2.5039
2.5924
2.5302
2.4986
2.507
2.4468
2.5787
2.4359
2.408
2.4379
2.4712
2.4508
2.406
2.4408
2.4229
2.4508
2.5945
2.3904
2.4458
2.3885
2.3759
2.5292
2.4369
2.4733
2.3622
2.3507
2.3836
2.3729
2.37
2.4021
2.4598
2.4607
2.5439
2.345
2.3856
2.3516
2.507
2.3612
2.345
2.3152
2.3564
2.3383
2.4807
2.3085
2.4754
2.37
2.3075
2.2862
2.2901
2.292
2.2891
2.3181
2.2833
2.2997
2.3797
2.2678
2.3739
2.2823
2.3085
2.3181
2.3507
2.2374
2.1992
2.3298
2.1936
2.3336
2.2556
2.2529
2.2547
2.3497
2.2197
2.2465
2.3152
2.241
2.2337
2.2392
2.2225
2.2611
2.2048
2.2438
2.2593
2.4807
2.2891
2.2575
2.2833
2.3749
2.2419
2.2726
2.2447
2.2039
2.3345
2.2658
2.2169
2.2029
2.3894
2.1964
2.417
2.2949
2.2438
2.1974
2.1439
2.202
2.18
2.1964
2.3123
2.2365
2.3345
2.1692
2.2602
2.3583
2.2104
2.2988
2.2029
2.2113
2.2048
2.5091
2.1548
2.2235
2.153
2.2492
2.262
2.3288
2.1421
2.1457
1.9337
2.3026
2.2179
2.1187
2.1746
2.1983
2.1854
2.2765
2.2244
2.098
2.1358
2.1196
2.1295
2.1286
2.3249
2.0317
2.2492
2.2697
2.2707
2.134
2.1503
2.2502
2.1773
2.1485
2.1611
2.1773
2.1575
2.1376
2.0722
2.1133
2.2235
2.1512
2.0853
2.1421
2.0844
2.0017
2.088
2.2048
2.3904
2.3739
2.1043
2.0916
2.0567
2.2057
2.0844
2.2011
2.0862
2.0679
2.0989
2.1475
2.1863
2.134
2.1142
2.1025
2.0934
2.0317
2.0429
2.0998
2.0653
2.0214
2.0283
2.0412
2.1151
2.0662
1.9982
1.9622
2.0257
1.982
2.098
2.0532
2.0853
2.098
1.9931
2.0197
2.0403
2.018
2.1007
2.1692
2.0705
2.1809
2.0412
2
2.0541
2.0679
2.322
1.9795
2.0731
1.9597
1.9888
1.9737
1.9897
2.1106
2.067
1.9532
1.9451
1.9613
2.0962
1.9483
1.9581
1.9888
2.0455
2.0541
1.9762
1.9475
1.9272
1.9329
2.0532
2.0386
1.9829
1.9435
2.0765
1.9304
1.9337
2.0567
1.9402
2.0808
1.9207
2.0394
2.0034
1.941
1.9134
1.9345
1.9052
2.0429
1.9093
1.8995
1.9101
1.9003
2.0334
1.994
2.1863
1.9613
1.8849
1.9662
1.9974
1.8662
1.9361
1.9166
2.0094
1.8743
2.0541
2.0791
1.8654
1.9475
2.0446
1.9845
1.9231
1.8686
1.8621
1.8361
1.915
1.8711
1.8418
1.9467
1.9829
1.9036
1.9729
1.8938
2.018
1.9182
1.8825
1.8613
1.9028
1.8646
1.8589
1.8125
1.8345
1.9223
1.893
1.8589
1.9256
1.893
1.8572
1.8637
1.902
1.8312
1.9829
1.854
1.8898
1.7873
1.8166
1.7897
1.7858
1.8393
1.8296
1.773
1.7692
1.9223
1.9191
1.7707
1.7534
1.7677
1.7586
1.8532
1.8589
1.8621
1.7707
1.8621
2.0334
1.8141
1.8093
1.9991
1.8133
1.7873
1.7836
1.7617
1.9191
1.8507
1.7722
1.7481
1.8028
1.7405
1.7473
1.7413
1.7753
1.7798
1.8125
1.7227
1.7669
1.7276
1.7549
1.7198
1.9491
1.9101
1.8223
1.7361
1.7571
1.7262
1.9109
1.8581
1.7212
1.7255
1.7586
1.7564
1.702
1.7654
1.6943
1.7922
1.7163
1.708
1.7354
1.7121
1.745
1.7312
1.7873
1.7405
1.8426
1.693
1.7027
1.6999
1.7093
1.9845
1.8393
1.8377
1.7093
1.7255
1.8272
1.7753
1.7971
1.6696
1.665
1.6846
1.6756
1.7745
1.7922
1.7262
1.686
1.7897
1.6784
1.6591
1.7128
1.7549
1.722
1.6971
1.6867
1.776
1.7033
1.8117
1.7276
1.6453
1.793
1.6663
1.661
1.8532
1.6832
1.6729
1.6643
1.6532
1.7304
1.7283
1.745
1.7312
1.6407
1.6518
1.7382
1.6867
1.6978
1.6479
1.6964
1.6238
1.6269
1.7135
1.6348
1.6597
1.7013
1.665
1.6742
1.7047
1.6538
1.7481
1.8637
1.7685
1.6518
1.7556
1.6394
1.6174
1.7142
1.6492
1.5956
1.6663
1.7149
1.62
1.6044
1.6518
1.6219
1.7099
1.6105
1.7099
1.7669
1.595
1.6335
1.6964
1.6459
1.6341
1.6985
1.6676
1.5987
1.7099
1.5968
1.6168
1.6453
1.6361
1.6558
1.5552
1.6374
1.6812
1.6825
1.7099
1.6149
1.5838
1.5522
1.7413
1.6413
1.6087
1.6374
1.6087
1.5987
1.6174
1.6888
1.6348
1.5642
1.6044
1.5962
1.6168
1.5894
1.5987
1.6367
1.6512
1.6663
1.5844
1.6276
1.5795
1.5788
1.793
1.6068
1.6149
1.6244
1.6156
1.6269
1.6019
1.5733
1.566
1.5745
1.6118
1.5987
1.5443
1.5295
1.5534
1.6874
1.5642
1.6676
1.5666
1.6257
1.5301
1.6206
1.6676
1.585
1.5696
1.5813
1.6505
1.5708
1.5813
1.5295
1.5857
1.5342
1.6472
1.6328
1.5301
1.6193
1.5528
1.5925
1.5289
1.6729
1.6037
1.5678
1.6087
1.5788
1.5377
1.5888
1.5272
1.5606
1.5702
1.5219
1.5189
1.5095
1.5178
1.5325
1.5461
1.551
1.5389
1.5189
1.5336
1.6472
1.5266
1.4772
1.5383
1.5148
1.526
1.5113
1.536
1.506
1.5372
1.5166
1.5037
1.5301
1.5624
1.5981
1.5534
1.5407
1.4886
1.5078
1.4995
1.5289
1.5319
1.5342
1.4995
1.4938
1.5745
1.6143
1.4829
1.6839
1.5031
1.5702
1.5172
1.4961
1.4972
1.6187
1.5389
1.6044
1.484
1.6006
1.5001
1.4926
1.5001
1.4718
1.5213
1.4932
1.4846
1.4592
1.5919
1.4603
1.5266
1.4857
1.5708
1.4795
1.4679
1.469
1.5072
1.4961
1.4685
1.4348
1.5588
1.5401
1.5119
1.4575
1.6308
1.5714
1.4972
1.4625
1.4614
1.4378
1.4818
1.5708
1.474
1.4603
1.4857
1.4932
1.4772
1.4414
1.4409
1.4818
1.4795
1.4542
1.4932
1.4625
1.4471
1.4668
1.4581
1.4559
1.4328
1.5019
1.4389
1.474
1.457
1.4564
1.4531
1.3924
1.475
1.4226
1.4368
1.5546
1.4085
1.5552
1.4277
1.4323
1.5832
1.4353
1.4984
1.4009
1.463
1.5025
1.4652
1.5283
1.4471
1.4504
1.3948
1.4795
1.4399
1.4729
1.4071
1.3844
1.551
1.4196
1.4115
1.4081
1.3905
1.3752
1.4105
1.3703
1.3881
1.384
1.3976
1.414
1.4419
1.3952
1.3699
1.3981
1.383
1.4062
1.41
1.4482
1.4014
1.4745
1.4434
1.3938
1.4646
1.3738
1.3905
1.3738
1.3738
1.3863
1.384
1.3711
1.4211
1.5013
1.5325
1.4603
1.4434
1.4493
1.3703
1.3652
1.4028
1.4181
1.3817
1.3976
1.3579
1.3601
1.3919
1.3817
1.3469
1.4156
1.3562
1.3711
1.3601
1.3677
1.3405
1.4302
1.3384
1.3596
1.3575
1.3748
1.3938
1.3784
1.4156
1.3914
1.3186
1.3562
1.533
1.3938
1.412
1.3703
1.3609
1.3482
1.3292
1.4066
1.2689
1.3272
1.3558
1.3426
1.3422
1.3099
1.2552
1.4
1.4085
1.3264
1.3422
1.3635
1.3905
1.2962
1.3388
1.3114
1.3465
1.315
1.3761
1.3345
1.3118
1.3288
1.3686
1.3125
1.3392
1.3905
1.3174
1.4186
1.3533
1.3867
1.3656
1.3397
1.3083
1.3537
1.3158
1.3087
1.3592
1.3129
1.3784
1.3154
1.3333
1.2885
1.3247
1.3648
1.3103
1.3125
1.3867
1.3409
1.3158
1.3789
1.3426
1.311
1.3162
1.3986
1.2897
1.3304
1.3716
1.3219
1.3138
1.2992
1.2833
1.3288
1.2904
1.3026
1.3247
1.2759
1.3337
1.3682
1.3134
1.3431
1.346
1.2969
1.3231
1.2796
1.3003
1.3129
1.2897
1.3011
1.3003
1.2901
1.3622
1.3182
1.292
1.3158
1.3045
1.2904
1.2935
1.3076
1.3038
1.3114
1.2789
1.3354
1.2996
1.3053
1.2633
1.2713
1.3215
1.2671
1.2626
1.2923
1.292
1.3333
1.2885
1.2829
1.3533
1.2664
1.2541
1.3
1.2534
1.2942
1.2741
1.3053
1.2996
1.2696
1.2855
1.2807
1.2647
1.2678
1.3022
1.3
1.2796
1.3545
1.2785
1.2538
1.335
1.2727
1.2601
1.2619
1.2988
1.2844
1.2796
1.2346
1.3011
1.2626
1.2789
1.2555
1.2181
1.3064
1.2647
1.252
1.2671
1.2485
1.287
1.2524
1.3099
1.2807
1.2647
1.2475
1.352
1.2391
1.2841
1.2418
1.2548
1.2988
1.2524
1.2292
1.2235
1.2534
1.2334
1.2763
1.2403
1.2741
1.2437
1.2756
1.2793
1.2534
1.2878
1.2475
1.2576
1.2734
1.2428
1.3045
1.2349
1.3341
1.2807
1.2235
1.2636
1.2271
1.2661
1.2364
1.2301
1.2286
1.251
1.2471
1.2422
1.2464
1.2391
1.2349
1.2471
1.2097
1.2969
1.2443
1.2367
1.2304
1.2166
1.2446
1.2277
1.271
1.2391
1.2118
1.2181
1.2229
1.2223
1.2259
1.2545
1.2534
1.2202
1.2301
1.2169
1.2277
1.2364
1.2682
1.2307
1.2262
1.1718
1.2545
1.2492
1.2088
1.2461
1.2238
1.1715
1.2852
1.216
1.1968
1.2244
1.2286
1.2552
1.2265
1.2181
1.2262
1.2555
1.2682
1.2343
1.2322
1.2169
1.2352
1.2346
1.2103
1.2292
1.2103
1.2406
1.2274
1.252
1.2145
1.1877
1.1901
1.2052
1.1968
1.2682
1.1998
1.2238
1.2196
1.1754
1.1883
1.2205
1.195
1.1992
1.1682
1.2205
1.1841
1.2133
1.1977
1.2103
1.2115
1.1916
1.1934
1.2082
1.2262
1.1775
1.1928
1.1959
1.2055
1.2103
1.1844
1.2079
1.2202
1.1793
1.1968
1.2079
1.1938
1.1619
1.1775
1.2004
1.201
1.1823
1.1712
1.176
1.161
1.1802
1.2464
1.1745
1.1811
1.1781
1.1571
1.1643
1.185
1.1944
1.1506
1.1679
1.1712
1.1697
1.1925
1.182
1.1856
1.1634
1.1441
1.191
1.1556
1.2049
1.1613
1.1679
1.1793
1.1865
1.1117
1.1489
1.1436
1.1619
1.1592
1.1784
1.1319
1.1571
1.1655
1.1703
1.1128
1.1401
1.1452
1.1697
1.1652
1.1712
1.1514
1.1356
1.1463
1.1652
1.1404
1.1775
1.1273
1.1235
1.1715
1.1444
1.1484
1.146
1.1313
1.1565
1.1793
1.1431
1.1425
1.1321
1.1369
1.115
1.1487
1.1297
1.127
1.1361
1.1205
1.1476
1.1391
1.1361
1.1153
1.0959
1.1286
1.1186
1.1604
1.1235
1.1073
1.1123
1.1281
1.1297
1.1559
1.1188
1.1079
1.1385
1.1359
1.1308
1.1388
1.1033
1.1156
1.1073
1.1356
1.1514
1.1145
1.1302
1.1004
1.1128
1.1093
1.121
1.1544
1.1048
1.1246
1.0785
1.1254
1.1191
1.1079
1.1016
1.1383
1.1213
1.1235
1.1433
1.1156
1.0898
1.1311
1.118
1.0911
1.1194
1.1153
1.0986
1.0608
1.0896
1.0914
1.1235
1.0941
1.0946
1.0991
1.0996
1.1093
1.1024
1.0996
1.0896
1.0835
1.1011
1.0901
1.1503
1.0974
1.1019
1.1172
1.0956
1.1161
1.1257
1.1199
1.1428
1.0726
1.0848
1.1156
1.1128
1.0994
1.0709
1.0855
1.0774
1.1183
1.0878
1.0762
1.0696
1.0936
1.0845
1.0921
1.0906
1.0853
1.0759
1.0639
1.0655
1.0731
1.0668
1.0926
1.0757
1.086
1.0648
1.0883
1.0815
1.0403
1.0693
1.0802
1.0541
1.0774
1.0584
1.0653
1.0565
1.0524
1.0503
1.0858
1.066
1.0641
1.0896
1.0651
1.0524
1.0531
1.079
1.1316
1.0929
1.0527
1.0989
1.0582
1.0508
1.0512
1.0325
1.0601
1.0749
1.0678
1.0919
1.0651
1.0608
1.0711
1.0417
1.0565
1.0541
1.0448
1.0586
1.0415
1.085
1.0419
1.0522
1.0529
1.0341
1.0498
1.035
1.0412
1.0455
1.0376
1.0762
1.0579
1.0229
1.057
1.0498
1.0154
1.0353
1.0293
1.0156
1.0527
1.0508
1.0288
1.0266
1.0546
1.0297
1.045
1.0311
1.0218
1.0152
1.0503
1.0232
1.0247
1.0448
1.0329
1.0358
1.0182
1.017
1.0443
1.0318
1.0018
1.0202
1.0069
1.0407
1.0156
1.0115
1.0159
1.0182
1.0025
1.0381
1.0092
1.027
1.036
1.0232
1.0327
1.0229
1.0615
1.0268
0.99743
1.035
1.0446
1.0096
1.0334
1.0318
1.0531
1.0329
1.0216
1.0036
1.0193
1.0064
1.0122
1.005
1.0076
0.99592
1.002
1.0182
1.0232
0.99927
1.0261
1.0562
1.0062
1.0053
0.99996
1.005
0.99835
1.0013
0.99592
0.98391
0.99789
1.0039
1.0066
1.0257
1.0013
1.0007
1.0184
1.0041
1.0059
1.0041
0.99442
0.99973
1.0122
0.98992
0.99271
0.98436
0.96285
0.96474
0.9759
0.99904
0.99014
1.0046
0.96327
0.99078
0.97064
0.98058
1.0023
0.9897
0.99121
0.97064
0.97501
1.0257
0.97857
0.98992
0.98992
0.98503
1.0156
0.97191
0.97001
1.0032
0.99812
0.9848
0.9658
0.99399
0.96706
0.98592
0.99858
0.98147
0.96727
0.96538
0.97768
0.93571
0.97301
0.96306
0.95315
0.95294
0.96706
0.96179
0.97191
0.94978
0.96348
0.99121
0.98058
0.93529
0.96327
0.96896
0.99996
0.97746
0.97746
0.96116
0.9599
0.96812
0.94683
0.95358
0.9868
0.95863
0.94148
0.96306
0.95568
0.94298
0.96538
0.98213
0.93571
0.94148
0.94747
0.98569
0.93571
0.9599
0.94127
0.94576
1.0004
0.94978
0.93721
0.94683
0.94448
0.95737
0.93486
0.958
0.9599
0.94106
0.95716
0.93614
0.95337
0.94852
0.90939
0.95273
0.96285
0.94191
0.95021
0.93678
0.97106
0.90918
0.9464
0.90918
0.9151
0.94148
0.92997
0.92269
0.93187
0.96369
0.94298
0.9217
0.91754
0.94831
0.96011
0.93165
0.93486
0.93849
0.90531
0.90327
0.93657
0.9308
0.92583
0.97435
0.92957
0.94936
0.93807
0.93443
0.92111
0.92052
0.93422
0.93636
0.92091
0.92485
0.92839
0.95105
0.93336
0.91306
0.91673
0.91
0.94831
0.91102
0.94533
0.90633
0.92426
0.92583
0.90939
0.92406
0.89695
0.90877
0.93037
0.92603
0.9221
0.91163
0.92229
0.91855
0.94106
0.90429
0.91754
0.91428
0.90674
0.90775
0.89858
0.91041
0.90164
0.92308
0.90184
0.90306
0.92879
0.89654
0.91816
0.90306
0.91408
0.90816
0.91346
0.93037
0.9047
0.95042
0.89776
0.90062
0.90796
0.91061
0.90816
0.91224
0.89776
0.89878
0.90572
0.90755
0.89756
0.90103
0.90041
0.89695
0.90347
2.7263
2.8679
2.7787
2.7961
2.8424
2.7368
2.7009
2.6809
2.5871
2.6567
2.8076
2.605
2.6862
2.6272
2.5418
2.6767
2.5429
2.5681
2.643
2.6103
2.5829
2.5386
2.6219
2.507
2.4408
2.4902
2.4649
2.5007
2.4498
2.4548
2.4458
2.7094
2.4269
2.545
2.4428
2.4309
2.3573
2.4744
2.419
2.4001
2.3788
2.369
2.4399
2.4538
2.3278
2.2939
2.5323
2.3269
2.3104
2.2939
2.3104
2.6029
2.3269
2.5355
2.3123
2.2794
2.4796
2.3055
2.324
2.3545
2.3759
2.2611
2.262
2.2746
2.2784
2.2602
2.229
2.1983
2.4598
2.2465
2.2262
2.1737
2.1908
2.18
2.2438
2.1927
2.1656
2.2997
2.2602
2.263
2.1106
2.1964
2.1115
2.1927
2.0944
2.0757
2.1223
2.1322
2.3288
2.3143
2.2668
2.0558
1.9931
2.0481
2.0765
2.2365
2.1955
2.0679
2.0205
2.0481
2.0068
2.0317
2.1964
2.0463
2.0197
1.9905
1.9837
2.018
2.1196
2.0584
2.0808
2.1737
2.0916
2.0472
2.0584
1.9787
1.9871
1.9762
1.9223
2.0274
1.9443
1.9548
1.906
1.9191
1.8987
1.8947
1.8898
1.8751
1.8784
1.88
1.854
1.9459
1.9888
1.9142
1.8646
2.1566
2.143
2.1097
1.9003
1.8646
1.8101
1.8686
2.0077
1.9829
2.0025
1.9166
2.0223
1.9337
1.832
1.8922
1.8393
1.8637
1.7775
1.8328
1.9345
1.8125
1.8003
1.7783
1.8109
1.7669
1.841
1.8109
1.7333
1.8247
1.7906
1.8475
1.7255
1.9231
1.7248
1.779
1.9223
1.7297
1.7093
1.6999
1.9712
1.7851
1.6964
1.7843
1.6558
1.6374
1.6637
1.6328
1.6637
1.6637
1.6099
1.7549
1.6381
1.605
1.6867
1.7135
1.7938
1.5826
1.6149
1.644
1.6289
1.644
1.7163
1.6081
1.6156
1.6867
1.6558
1.6263
1.7639
1.729
1.6591
1.6881
1.5857
1.6722
1.6888
1.5582
1.6957
1.557
1.5372
1.5425
1.6361
1.6149
1.677
1.6225
1.6006
1.5449
1.6696
1.6453
1.5389
1.5546
1.708
1.5401
1.5136
1.7662
1.5078
1.6118
1.5225
1.5236
1.5449
1.5348
1.5295
1.6068
1.523
1.4399
1.4938
1.5131
1.6367
1.4852
1.5307
1.492
1.4674
1.5007
1.5888
1.4756
1.4575
1.5906
1.4801
1.5178
1.5968
1.533
1.6062
1.4767
1.5696
1.4909
1.475
1.4619
1.474
1.4701
1.4564
1.6374
1.4559
1.4592
1.5912
1.5943
1.5278
1.492
1.4297
1.4592
1.4531
1.6472
1.5455
1.4734
1.4348
1.4191
1.4419
1.4419
1.41
1.5201
1.4581
1.4696
1.5413
1.4257
1.4399
1.4297
1.4909
1.488
1.4211
1.4784
1.5395
1.4171
1.475
1.5739
1.4166
1.5739
1.5136
1.5131
1.4057
1.4287
1.3995
1.4323
1.4125
1.3938
1.3835
1.499
1.4909
1.4869
1.4216
1.452
1.3971
1.4434
1.5383
1.5894
1.4252
1.3986
1.3835
1.4353
1.5449
1.4014
1.378
1.3752
1.3844
1.4835
1.3716
1.3614
1.3891
1.3962
1.5189
1.5031
1.4313
1.3938
1.3562
1.3499
1.3933
1.4619
1.4466
1.3803
1.4384
1.4526
1.3905
1.4191
1.5048
1.4071
1.4499
1.3976
1.4707
1.4171
1.488
1.3584
1.4394
1.3738
1.3567
1.4363
1.4085
1.3129
1.3284
1.3584
1.3272
1.3707
1.3914
1.4232
1.3371
1.4835
1.3409
1.4014
1.3725
1.355
1.3392
1.3313
1.4363
1.3414
1.3835
1.3716
1.3995
1.4186
1.3142
1.3329
1.3203
1.3313
1.3562
1.3465
1.3643
1.3601
1.3707
1.4206
1.308
1.355
1.3626
1.2954
1.3215
1.3272
1.335
1.369
1.4358
1.3022
1.3243
1.3292
1.3439
1.2962
1.3716
1.3329
1.311
1.2901
1.3034
1.2901
1.3414
1.3095
1.3528
1.349
1.3129
1.3734
1.3042
1.2912
1.3091
1.3703
1.3452
1.28
1.2654
1.349
1.2954
1.3601
1.326
1.3375
1.3049
1.3558
1.3435
1.3049
1.3321
1.328
1.287
1.3011
1.2745
1.3053
1.335
1.3064
1.2471
1.3215
1.2734
1.3317
1.287
1.2958
1.271
1.3304
1.3118
1.3099
1.369
1.2866
1.2897
1.2785
1.308
1.2767
1.2531
1.3296
1.2923
1.3072
1.2654
1.3639
1.3026
1.2789
1.2893
1.2633
1.265
1.2774
1.3118
1.2939
1.2682
1.2874
1.3095
1.2657
1.2935
1.4559
1.2608
1.2908
1.2552
1.2517
1.2942
1.2752
1.3138
1.2376
1.2527
1.3186
1.2452
1.2759
1.2916
1.2394
1.2583
1.2566
1.2745
1.2517
1.2298
1.2461
1.2807
1.2562
1.326
1.2352
1.2325
1.2358
1.244
1.2373
1.2789
1.2373
1.2552
1.2475
1.2541
1.2352
1.287
1.2954
1.2569
1.2446
1.2256
1.2127
1.2319
1.2313
1.2388
1.2376
1.2675
1.2548
1.2265
1.2622
1.2349
1.2292
1.2271
1.2443
1.2428
1.2731
1.272
1.2196
1.2573
1.2373
1.2196
1.2055
1.2569
1.2912
1.2538
1.2088
1.2049
1.2115
1.2471
1.2295
1.2103
1.2148
1.2409
1.272
1.2295
1.2151
1.2058
1.2166
1.2037
1.2064
1.2443
1.2431
1.2187
1.2031
1.21
1.1992
1.2232
1.213
1.198
1.195
1.1953
1.2013
1.207
1.2112
1.2085
1.2064
1.1928
1.2004
1.1989
1.164
1.2145
1.1814
1.1931
1.1808
1.2136
1.191
1.1986
1.2013
1.1751
1.1727
1.2157
1.2136
1.1649
1.1859
1.191
1.2391
1.2013
1.234
1.1877
1.2142
1.1667
1.1727
1.1886
1.2052
1.2358
1.1889
1.1757
1.1736
1.1925
1.1971
1.1799
1.1772
1.17
1.1799
1.2013
1.179
1.1913
1.1655
1.2337
1.1667
1.1703
1.1826
1.1616
1.1817
1.1604
1.1745
1.1892
1.1562
1.1679
1.1817
1.1658
1.1631
1.1971
1.1601
1.1718
1.1814
1.1616
1.1754
1.1404
1.1913
1.195
1.1425
1.173
1.1793
1.1526
1.1718
1.1772
1.1495
1.1444
1.1535
1.152
1.1628
1.1616
1.1471
1.1412
1.1449
1.1385
1.1556
1.1356
1.1481
1.1562
1.1367
1.1343
1.1463
1.1471
1.1359
1.1186
1.1367
1.1343
1.1655
1.1359
1.1444
1.1319
1.1265
1.1377
1.1553
1.1484
1.1652
1.1297
1.1321
1.1329
1.1235
1.1257
1.1547
1.0458
1.1305
1.1343
1.1481
1.1492
1.1178
1.1308
1.13
1.1335
1.1327
1.1213
1.1084
1.1243
1.13
1.115
1.118
1.1147
1.1369
1.1033
1.1335
1.1106
1.1224
1.1061
1.1169
1.1194
1.1213
1.0951
1.0812
1.0904
1.1235
1.1098
1.124
1.1123
1.1327
1.1041
1.1101
1.1123
1.1066
1.0896
1.0996
1.127
1.1066
1.0971
1.0898
1.0996
1.0966
1.1076
1.0671
1.0966
1.1183
1.0924
1.0959
1.0949
1.0891
1.085
1.079
1.0866
1.1014
1.0994
1.0893
1.1087
1.1095
1.0964
1.1106
1.085
1.1051
1.0873
1.1033
1.1142
1.0782
1.0792
1.1087
1.0815
1.0736
1.0714
1.1068
1.0805
1.083
1.0868
1.0866
1.0936
1.0828
1.0898
1.066
1.0762
1.0986
1.0825
1.0724
1.0754
1.0921
1.0825
1.0749
1.0762
1.0898
1.0823
1.0639
1.0711
1.0731
1.0779
1.0871
1.0741
1.0629
1.0782
1.0584
1.0863
1.0686
1.0951
1.0714
1.0676
1.0873
1.0577
1.0729
1.0752
1.0714
1.0541
1.0372
1.0739
1.0651
1.0731
1.0782
1.0591
1.0833
1.0709
1.0648
1.0769
1.0589
1.0641
1.0565
1.0636
1.0686
1.0522
1.0703
1.0596
1.0536
1.0721
1.0632
1.0508
1.0627
1.0752
1.061
1.0562
1.0386
1.0367
1.0405
1.0536
1.0493
1.0453
1.0388
1.0213
1.0398
1.0436
1.0458
1.0553
1.0484
1.0469
1.0284
1.0346
1.0367
1.0346
1.0341
1.0691
1.0474
1.0446
1.0362
1.052
1.0503
1.0275
1.0034
1.0339
1.035
1.0565
1.0225
1.0358
1.0297
1.0268
1.0419
1.0257
1.0218
1.0272
1.0329
1.0209
1.0362
1.0431
1.0429
1.0398
1.0213
1.0184
1.0381
1.0179
1.0365
1.0315
1.0311
1.0234
1.0353
1.0243
1.0198
1.0147
1.046
1.0207
1.0216
1.017
1.0218
1.0018
1.0329
1.0259
1.0168
1.0195
1.0011
0.9957
1.0115
1.0018
1.0177
0.99699
1.0025
1.008
1.0092
1.0064
1.0103
1.0154
0.99549
0.99228
1.0016
1.0039
0.99485
0.9957
0.99314
1.0131
1.0025
1.0025
0.99399
1.0103
1.0039
1.0101
0.99207
1.014
1.0025
1.0229
0.99743
0.99812
0.99035
0.99463
0.99789
0.99613
0.99766
0.98236
0.99881
0.98325
1.0027
0.98836
0.97835
0.98903
0.96959
0.99528
0.97813
0.98769
0.99271
0.98347
0.98792
0.99506
1.0041
0.96074
0.98035
0.99656
0.98769
0.99613
0.99249
0.97702
0.98035
0.96432
0.991
0.98325
0.98258
0.99835
0.98547
0.97212
0.96938
1.0066
0.97368
0.97924
0.97022
0.95821
0.9599
0.97368
0.97524
0.97702
0.97946
0.96896
0.99078
0.991
0.96264
0.99743
0.97128
0.97043
0.96517
0.98102
0.9658
0.95526
0.97946
0.97835
0.9897
0.97212
0.98102
0.97768
0.9717
0.99812
0.97064
0.96854
0.97524
0.97235
0.95653
0.97191
0.97235
0.95379
0.97768
0.95294
0.97301
0.97479
0.9658
0.95737
0.96053
0.9639
0.98836
0.96285
0.9808
0.95969
0.97435
0.95779
0.96074
0.95758
0.958
0.94789
0.96685
0.93892
0.958
0.95442
1.0009
0.96643
0.937
0.95863
0.93828
0.96158
0.94191
0.96306
0.958
0.95484
0.95589
0.93251
0.94362
0.9639
0.94852
0.95252
0.97746
0.97301
0.94726
0.96264
0.958
0.94191
0.93379
0.95442
0.9417
0.94042
0.94576
0.95315
0.94084
0.937
0.95252
0.93849
0.95147
0.95969
0.9402
0.95294
0.93678
0.93892
0.9639
0.9355
0.95168
0.94362
0.94747
0.94873
0.94852
0.94448
0.94042
0.92249
0.92761
0.93336
0.93871
0.95021
0.94106
0.928
0.93358
0.93593
0.94148
0.94831
0.93742
0.94213
0.93849
0.93123
0.9449
0.93849
0.92564
0.90347
0.94213
0.92111
0.93871
0.93892
0.92052
0.9215
0.94619
0.91775
0.91734
0.92859
0.92721
0.91611
0.90531
0.92859
0.92721
0.91954
0.91081
0.92642
0.92446
0.92288
0.92032
0.91934
0.91934
0.89674
0.93935
0.92564
0.92642
0.90898
0.91081
0.92505
0.91954
0.90714
0.91934
0.90959
0.92544
0.91448
0.91993
0.92859
0.90918
0.91775
0.93636
0.90735
0.90816
0.91448
0.92229
0.91632
0.90123
0.8996
0.90001
0.8996
0.92229
0.90001
0.89817
0.90225
0.8998
0.90918
0.90143
0.91387
0.89817
0.91954
0.91326
0.90674
0.91102
0.90735
0.9051
0.89654
0.89817
0.8998
0.90755
0.89919
0.89654
0.9282
0.90143
0.90775
0.89837
0.93871
0.93208
0.89654
0.89878
0.89634
0.8998
0.90082
0.90531
0.91
0.9049
0.9049
0.90327
3.1316
2.8829
2.9062
2.7914
2.7961
2.7787
2.7627
2.6809
2.6883
2.7764
2.5924
2.6978
2.5934
2.6946
2.5998
2.6008
2.5218
2.5597
2.5776
2.4478
2.6367
2.3181
2.4617
2.4558
2.372
2.3593
2.3788
2.3953
2.5407
2.4011
2.369
2.2584
2.2076
2.1593
2.4458
2.2095
2.1955
2.1863
2.292
2.2529
2.1124
2.1205
1.972
2.2383
2.0575
2.0446
2.0369
2.0455
2.0853
2.0214
2.1043
2.0898
2.061
2.0283
2.0593
1.9754
1.9435
1.9231
1.9459
1.9052
2.1268
1.9467
1.8727
1.8947
1.95
1.8686
1.8776
1.8402
1.9483
1.9003
1.8849
1.8263
1.9052
1.9467
1.9394
1.7995
1.88
2.0051
1.776
1.9166
1.9069
1.8703
1.8377
1.8662
1.7995
1.8418
1.8646
1.854
1.7692
1.7556
1.9256
1.8914
1.7798
1.7564
1.8312
1.7066
1.7013
1.7821
1.7639
1.6407
1.6756
1.6532
1.9182
1.7503
1.6093
1.722
1.6656
1.6168
1.5395
1.7319
1.6174
1.7737
1.7435
1.62
1.7184
1.6
1.6486
1.6676
1.5612
1.6689
1.7113
1.5089
1.5925
1.6888
1.4846
1.5236
1.6295
1.506
1.4903
1.5372
1.6749
1.6012
1.4967
1.4597
1.5007
1.5195
1.6354
1.5888
1.4657
1.4874
1.5745
1.5437
1.5714
1.5582
1.5313
1.4949
1.5455
1.4712
1.6068
1.5618
1.4414
1.5455
1.4614
1.4449
1.5072
1.4984
1.4597
1.5857
1.474
1.4394
1.5248
1.5467
1.5366
1.4449
1.4348
1.4455
1.5189
1.3881
1.4515
1.39
1.4242
1.5283
1.4024
1.4028
1.4846
1.3669
1.5266
1.4033
1.5201
1.4592
1.5172
1.4302
1.3716
1.5007
1.4171
1.4062
1.4729
1.4995
1.4499
1.3677
1.409
1.4434
1.3452
1.409
1.399
1.3465
1.4237
1.3867
1.3477
1.315
1.4439
1.3562
1.4414
1.411
1.3957
1.3826
1.4171
1.4409
1.3358
1.3448
1.4232
1.4434
1.4348
1.4333
1.326
1.3426
1.3511
1.3367
1.3752
1.3125
1.3288
1.3426
1.3061
1.3276
1.3575
1.3673
1.3321
1.2996
1.3276
1.303
1.3414
1.3321
1.3631
1.3872
1.3477
1.3333
1.292
1.3494
1.3235
1.2984
1.3575
1.3952
1.3716
1.349
1.3019
1.3227
1.3068
1.2946
1.2904
1.3114
1.3579
1.2981
1.3011
1.2822
1.308
1.3426
1.3592
1.3363
1.2939
1.3007
1.3511
1.3083
1.3223
1.2855
1.2912
1.3296
1.3022
1.2882
1.2981
1.2629
1.2636
1.3247
1.2774
1.2629
1.2636
1.2759
1.2829
1.2573
1.2874
1.2703
1.2418
1.2534
1.3182
1.2889
1.2661
1.231
1.2608
1.2412
1.2548
1.2587
1.2517
1.237
1.2833
1.2524
1.2738
1.2394
1.2671
1.2796
1.2437
1.2548
1.2464
1.2774
1.2485
1.2923
1.24
1.2016
1.225
1.2548
1.2626
1.2904
1.2626
1.2289
1.2412
1.2912
1.2467
1.2767
1.2446
1.2724
1.2437
1.2848
1.2443
1.21
1.2298
1.2534
1.2061
1.2013
1.21
1.252
1.2217
1.2422
1.2217
1.2151
1.2151
1.2668
1.2157
1.2121
1.2301
1.2184
1.1983
1.1907
1.2496
1.2094
1.1715
1.2007
1.2268
1.216
1.207
1.1934
1.1829
1.1965
1.1959
1.2244
1.2277
1.1826
1.1953
1.2157
1.1823
1.1892
1.2103
1.2259
1.2166
1.1989
1.2106
1.188
1.2013
1.1631
1.1968
1.1956
1.201
1.1947
1.2292
1.1718
1.1607
1.1947
1.1535
1.1928
1.1808
1.1694
1.1616
1.1766
1.1959
1.1944
1.1989
1.1652
1.1799
1.1667
1.1565
1.1859
1.1577
1.1835
1.1733
1.1628
1.1739
1.1595
1.1829
1.1538
1.1444
1.1661
1.1476
1.13
1.1479
1.1547
1.1592
1.1343
1.1308
1.1356
1.1463
1.1748
1.1407
1.1359
1.1565
1.1393
1.1473
1.1353
1.1508
1.1455
1.1305
1.1511
1.1431
1.1553
1.1574
1.1308
1.1601
1.1313
1.1375
1.1562
1.1407
1.1343
1.1335
1.1311
1.1313
1.1227
1.1393
1.1251
1.1268
1.1175
1.1311
1.1251
1.1396
1.1053
1.1238
1.0931
1.1101
1.1169
1.1221
1.1084
1.1276
1.1254
1.112
1.1131
1.1158
1.1191
1.1128
1.0976
1.1172
1.1073
1.1033
1.109
1.1319
1.1208
1.1131
1.1019
1.0991
1.0941
1.1098
1.0873
1.1112
1.0964
1.0931
1.1098
1.1061
1.0996
1.084
1.0976
1.0986
1.0931
1.1043
1.0835
1.0909
1.1014
1.084
1.0909
1.0868
1.0752
1.0833
1.0477
1.0676
1.081
1.0911
1.0767
1.0797
1.0774
1.0749
1.0774
1.083
1.0698
1.0529
1.0716
1.0584
1.0529
1.0515
1.0706
1.066
1.0615
1.0655
1.0548
1.0636
1.0491
1.0651
1.0515
1.0572
1.0386
1.0484
1.0613
1.0517
1.0762
1.0665
1.0648
1.0548
1.0676
1.0391
1.0648
1.0567
1.0474
1.0367
1.0572
1.0565
1.0574
1.0555
1.0434
1.0369
1.0415
1.0701
1.035
1.056
1.0369
1.0469
1.0415
1.0539
1.0493
1.0386
1.052
1.0503
1.0407
1.0355
1.0353
1.0336
1.0436
1.0302
1.0343
1.036
1.0388
1.0577
1.0388
1.0313
1.0288
1.0531
1.0343
1.0266
1.0254
1.0094
1.0204
1.0133
1.0555
1.0154
1.0202
1.0348
1.0078
1.051
1.0522
1.03
1.0152
1.0207
1.0275
1.0252
1.0209
1.0236
1.0147
1.04
1.0238
1.0177
1.0309
1.0182
1.008
1.0213
1.0078
1.0198
1.0346
1.0085
1.0293
1.017
1.0129
1.0154
1.0092
1.008
1.0048
0.99881
1.0159
0.97946
1.0071
0.99881
1.008
0.9957
0.98124
0.99549
0.98503
1.0007
1.0036
1.003
1.0025
1.0225
1.0041
1.0048
1.0096
1.0177
1.0036
1.0106
1.0131
1.0016
1.0025
1.0101
0.98503
0.98302
1.0009
0.99656
1.0004
0.99927
0.99078
0.99271
0.98302
0.99634
1.0002
0.9848
0.99634
0.99421
0.99528
0.98703
0.97724
0.97991
0.9828
0.99677
0.98658
0.98503
0.97346
0.99271
0.98858
0.97946
0.96348
0.97991
1.0076
0.99463
0.98302
0.97635
0.95948
0.98369
0.97191
0.99973
0.9717
0.97149
0.98058
0.99442
0.98035
0.9759
0.97902
0.98147
0.97128
0.96727
0.97149
0.99613
0.98703
0.9561
0.98992
0.97212
0.97301
0.98169
0.96432
0.96727
0.95589
0.97524
0.96453
0.98213
0.96727
0.9868
0.97924
0.97368
0.97043
0.96643
0.98836
0.97902
0.96559
0.96748
0.97835
0.96327
0.96179
0.97257
0.96411
0.9698
0.97768
0.97679
0.97022
0.95674
0.97724
0.94726
0.9481
0.94978
0.93956
0.94448
0.96727
0.95126
0.94768
0.95379
0.96453
0.95252
0.94915
0.97022
0.96348
0.95927
0.97969
0.96348
0.94999
0.94619
0.96116
0.94298
0.96327
0.95842
0.95905
0.93636
0.94084
0.97022
0.98035
0.96601
0.95126
0.96411
0.93657
0.95421
0.93977
0.94148
0.96432
0.95273
0.96011
0.94999
0.93764
0.91693
0.94362
0.95042
0.93678
0.94405
0.94978
0.954
0.9355
0.9599
0.94469
0.94063
0.93892
0.96348
0.95695
0.92308
0.89776
0.90939
0.94042
0.93571
0.93956
0.95842
0.93871
0.92623
0.92347
0.93165
0.93614
0.94362
0.93678
0.92623
0.95126
0.94384
0.93571
0.93571
0.91914
0.92623
0.93486
0.93977
0.92583
0.93123
0.96053
0.93315
0.92859
0.93764
0.94042
0.92032
0.92583
0.91973
0.92583
0.93016
0.91448
0.93593
0.93123
0.91632
0.92603
0.92623
0.92682
0.93913
0.92544
0.91183
0.9278
0.92288
0.92131
0.91
0.93058
0.92603
0.90225
0.90306
0.91993
0.91041
0.92131
0.91775
0.91081
0.91855
0.91
0.92091
0.91795
0.91836
0.90429
0.91081
0.92052
0.92013
0.91734
0.89878
0.91875
0.9051
0.91734
0.90674
0.93678
0.90694
0.89899
0.91204
0.92446
0.91224
0.91102
0.90368
0.91285
0.92288
0.91367
0.90939
0.90143
0.91
0.90857
0.90612
0.90103
0.90021
0.90796
0.91367
0.90674
0.90225
0.90021
0.91387
0.89695
0.91775
0.90408
0.89817
0.91693
0.90123
0.91
0.90225
0.90714
0.89939
0.90143
0.89654
0.91367
0.90918
0.90816
0.90123
0.90001
0.89654
0.90796
0.90694
0.90164
0.90857
0.8998
0.89776
0.90041
0.90103
0.90388
0.89939
0.89817
3.0648
2.9539
2.7389
2.6778
2.7498
2.6662
2.7752
2.6409
2.6556
2.5882
2.5692
2.3612
2.5892
2.414
2.5334
2.5144
2.5292
2.5597
2.6082
2.5523
2.4944
2.5091
2.4754
2.4448
2.4309
2.5018
2.4722
2.4408
2.414
2.3768
2.3104
2.324
2.2775
2.323
2.3307
2.3162
2.324
2.3249
2.2746
2.2281
2.2997
2.3143
2.5018
2.1593
2.2011
2.2057
2.23
2.2076
2.1927
2.2639
2.153
2.2511
2.2085
2.262
2.2067
2.2529
2.1448
2.1448
2.0916
2.1142
2.2095
2.1232
2.1061
2.3393
2.1178
2.0446
2.0853
2.1412
2.0403
2.0998
2.0386
2.0257
2.2169
2.1845
2.0128
1.9845
2.0644
1.994
2.0042
2.0214
1.9662
2.0128
1.9613
2.0593
1.9845
2.0068
2.0334
2.0636
2.08
1.9272
1.9737
1.9491
1.9982
2.0291
1.9247
1.9337
2.0231
2.0008
1.9787
1.9418
1.9247
1.8825
1.8694
1.9272
1.8751
2.0205
1.8385
1.9003
1.8646
1.8337
1.8459
1.8459
1.9897
1.841
2.0765
2.0584
1.8198
1.7843
1.8003
2.0644
1.9573
1.7481
1.7753
1.7737
1.7753
1.8816
1.8377
1.7177
1.8288
2.0394
1.9093
1.7768
1.7435
1.7851
1.9638
1.7639
1.7241
1.8166
1.8873
1.734
1.7496
1.9745
1.8166
1.7858
1.7783
1.7113
1.7241
1.6839
1.7881
1.7156
1.7503
1.7938
1.7828
1.7601
1.745
1.6812
1.6663
1.6584
1.6985
1.7737
1.7375
1.6971
1.8572
1.6413
1.6715
1.7843
1.5993
1.6492
1.779
1.7889
1.8678
1.6407
1.6923
1.6466
1.6407
1.5906
1.7579
1.6225
1.7496
1.7066
1.6472
1.6093
1.7033
1.8288
1.5869
1.6784
1.6231
1.6087
1.677
1.5894
1.5733
1.6282
1.793
1.7579
1.5431
1.7669
1.7212
1.5745
1.6295
1.5461
1.5558
1.533
1.6479
1.5225
1.551
1.6532
1.6282
1.5395
1.5606
1.5383
1.5301
1.6062
1.4806
1.5201
1.6446
1.5166
1.5486
1.5504
1.4984
1.5278
1.516
1.6168
1.5672
1.557
1.4586
1.5283
1.4756
1.4368
1.4608
1.6124
1.4641
1.4874
1.5956
1.4477
1.5413
1.4262
1.4857
1.6269
1.4625
1.4707
1.4449
1.4806
1.5764
1.4414
1.4257
1.4242
1.4363
1.4052
1.4081
1.5498
1.4277
1.5189
1.4586
1.4277
1.5101
1.4852
1.5101
1.3867
1.3914
1.4806
1.4145
1.5089
1.4267
1.4201
1.4515
1.3914
1.4718
1.4424
1.4707
1.4734
1.4005
1.3716
1.4399
1.4171
1.4105
1.4646
1.4216
1.4038
1.3812
1.413
1.4581
1.3707
1.3371
1.3835
1.4399
1.3872
1.4105
1.355
1.3567
1.4024
1.4592
1.3571
1.3337
1.4313
1.4085
1.3652
1.3507
1.4156
1.3392
1.452
1.4033
1.4949
1.3761
1.3881
1.3227
1.4526
1.3354
1.3276
1.3858
1.3363
1.3643
1.3015
1.2506
1.3296
1.3503
1.4
1.4226
1.3022
1.3333
1.3618
1.3243
1.3103
1.369
1.3239
1.2935
1.3288
1.3499
1.2885
1.2965
1.2818
1.3114
1.272
1.3533
1.3313
1.3174
1.3118
1.3211
1.3499
1.3571
1.3789
1.3524
1.2713
1.3812
1.272
1.277
1.2829
1.3134
1.2804
1.3296
1.271
1.317
1.3178
1.2605
1.308
1.3053
1.264
1.3276
1.2675
1.2492
1.2727
1.3106
1.3003
1.2598
1.3748
1.2647
1.2826
1.3076
1.2713
1.2464
1.295
1.2576
1.2927
1.2358
1.2629
1.2449
1.2394
1.2829
1.2489
1.2446
1.2889
1.2545
1.2626
1.2298
1.2633
1.2844
1.2664
1.2833
1.2874
1.2699
1.2232
1.2461
1.2826
1.326
1.2703
1.2214
1.2763
1.2178
1.2889
1.2343
1.2517
1.2226
1.2289
1.2506
1.2253
1.2434
1.219
1.2154
1.244
1.2431
1.3072
1.2268
1.2163
1.2115
1.2175
1.2443
1.2364
1.2478
1.2136
1.2196
1.2349
1.2136
1.2205
1.2289
1.2446
1.2244
1.2019
1.2316
1.2091
1.24
1.1901
1.1977
1.2163
1.2199
1.2025
1.2136
1.2277
1.2046
1.1986
1.2187
1.201
1.2058
1.2524
1.2364
1.1874
1.2181
1.1826
1.2253
1.1841
1.1934
1.1965
1.1986
1.2169
1.1968
1.1956
1.1793
1.2067
1.1877
1.1895
1.1907
1.2253
1.2118
1.1841
1.1919
1.2452
1.1802
1.2031
1.2223
1.1953
1.1965
1.1859
1.1965
1.2043
1.1992
1.1944
1.1739
1.1784
1.1856
1.1742
1.1727
1.2196
1.1742
1.1983
1.1769
1.1862
1.1995
1.173
1.1661
1.179
1.1941
1.1598
1.1838
1.1925
1.1733
1.1553
1.176
1.1489
1.1691
1.1616
1.1712
1.1661
1.1559
1.1407
1.1508
1.146
1.1712
1.158
1.1844
1.1423
1.1646
1.1377
1.1498
1.1829
1.167
1.158
1.1679
1.1523
1.1835
1.127
1.1473
1.1468
1.1404
1.1547
1.15
1.1473
1.1294
1.1631
1.1439
1.1583
1.1652
1.1473
1.1457
1.1601
1.1535
1.1359
1.1586
1.142
1.1441
1.1415
1.1238
1.134
1.1679
1.1508
1.1278
1.152
1.1115
1.1455
1.1377
1.1628
1.1337
1.1407
1.1186
1.1205
1.1302
1.1417
1.1232
1.1305
1.1084
1.1145
1.1194
1.1281
1.1051
1.1058
1.1213
1.1321
1.1268
1.1278
1.1051
1.0966
1.1311
1.1169
1.1134
1.1004
1.0981
1.1095
1.1066
1.1191
1.1407
1.0981
1.1026
1.1071
1.1051
1.0946
1.1028
1.115
1.1058
1.0866
1.0914
1.1188
1.0981
1.0886
1.1082
1.0719
1.1024
1.0863
1.0919
1.1076
1.0703
1.0999
1.1104
1.0797
1.0991
1.0701
1.1053
1.08
1.0984
1.0797
1.0954
1.0797
1.0891
1.0634
1.0716
1.086
1.0994
1.0724
1.0891
1.0736
1.066
1.0653
1.0971
1.0744
1.0777
1.0828
1.0764
1.0747
1.0706
1.0898
1.0838
1.066
1.0671
1.079
1.0658
1.0956
1.0644
1.0613
1.0653
1.0627
1.0729
1.0632
1.0524
1.0651
1.051
1.0536
1.0802
1.0584
1.0678
1.0582
1.0555
1.0541
1.0524
1.0541
1.0582
1.0484
1.057
1.0608
1.0465
1.0608
1.0596
1.0346
1.0651
1.0747
1.0527
1.0605
1.0434
1.0527
1.0491
1.0398
1.0579
1.0498
1.0438
1.0469
1.0498
1.0355
1.0486
1.0472
1.0673
1.0438
1.0531
1.0343
1.0268
1.0131
1.0346
1.0313
1.0443
1.027
1.0327
1.0341
1.0546
1.0429
1.0209
1.0247
1.0309
1.0419
1.0179
1.0479
1.0115
1.0315
1.0336
1.0286
1.03
1.0211
1.0297
1.0396
1.0191
1.0396
1.02
1.0291
1.0172
1.0227
1.0232
1.0198
1.008
1.0313
1.0168
1.0441
1.0234
1.0204
1.0209
1.0489
1.0315
1.0252
1.02
0.99835
0.99292
1.0291
1.0085
1.0117
1.0071
1.0315
1.0229
1.0129
1.0284
1.0124
1.0149
1.0156
1.0306
1.0216
1.0179
0.99789
0.99743
1.0277
0.99927
1.0186
1.0152
1.0085
1.0023
0.99973
1.0275
0.9972
1.0011
0.99314
0.99743
1.0133
0.99858
0.99271
0.9995
1.0083
0.98458
0.97902
1.0087
1.008
0.98947
0.99766
0.98725
0.99249
0.98658
0.98614
0.97813
0.99185
0.99656
1.0059
0.99743
1.0295
1.0064
0.99142
0.9897
0.98792
0.99812
0.99881
0.98391
0.98347
1.008
0.97568
0.98147
1.0131
1.0129
0.99528
0.98124
0.98369
0.9788
0.9848
0.99996
0.99228
0.97546
0.9848
0.97946
0.97946
0.97679
0.98614
0.97835
0.99592
0.98747
0.98547
0.97235
0.96517
0.9788
0.97524
0.98325
1.0048
0.97279
0.9698
0.97279
0.97924
0.97746
0.96769
0.96812
0.97857
0.97212
0.98814
0.99164
0.96664
0.9759
0.96854
0.96517
0.95315
0.96453
0.96137
0.95884
0.9808
0.98147
0.96348
0.99292
0.98035
0.95442
0.96011
0.97257
0.96032
0.95252
0.9698
0.97946
0.97412
0.95758
0.94255
0.96622
0.96727
0.96348
0.96685
0.97043
0.94298
0.95779
0.96601
0.9561
0.9481
0.96664
0.94704
0.91122
0.95589
0.94873
0.95695
0.95632
0.96032
0.95168
0.94873
0.96664
0.93251
0.94298
0.95021
0.9464
0.937
0.94555
0.95021
0.94555
0.95147
0.9481
0.95358
0.94084
0.95779
0.937
0.93379
0.94063
0.97235
0.92583
0.95294
0.95252
0.95042
0.94234
0.94831
0.95042
0.94831
0.96706
0.94106
0.95526
0.94298
0.93764
0.9355
0.93379
0.92957
0.94704
0.94042
0.92485
0.95084
0.94234
0.92957
0.93657
0.92938
0.93593
0.92859
0.93187
0.94042
0.93956
0.95568
0.95273
0.92111
0.93016
0.93144
0.92544
0.92642
0.91265
0.95042
0.92269
0.9151
0.92091
0.92701
0.9153
0.92328
0.92032
0.92859
0.92465
0.92761
0.92387
0.94704
0.92367
0.93465
0.92308
0.91244
0.92308
0.937
0.93165
0.92918
0.92111
0.91632
0.94319
0.92997
0.92682
0.92839
0.90449
0.92387
0.94661
0.93764
0.92249
0.92052
0.91469
0.92761
0.91816
0.90816
0.91326
0.91367
0.91408
0.91408
0.91
0.90755
0.91469
0.92701
0.91775
0.91693
0.94277
0.9153
0.91122
0.91387
0.9219
0.90898
0.91973
0.92013
0.93187
0.91408
0.90633
0.91306
0.91954
0.91448
0.91734
0.91265
0.91754
0.89858
0.92997
0.91
0.90816
0.91061
0.90979
0.91895
0.91591
0.90796
0.90368
0.92859
0.92013
0.90633
0.90592
0.91754
0.90775
0.92465
0.89695
0.89858
0.90021
0.9217
0.93721
0.90572
0.90531
0.91326
0.91204
0.89837
0.90653
0.91306
0.89736
0.91081
0.90001
0.89756
0.92013
7.8338
7.8729
7.2621
7.5295
7.1795
7.0654
7.0067
6.8926
6.8459
6.8926
6.8003
6.7579
6.9546
6.809
6.672
6.8003
6.6644
6.6231
6.597
6.5905
6.672
6.7188
6.6155
6.747
6.5014
6.6188
6.7351
6.4297
6.5873
6.3547
6.3688
6.2862
6.3199
6.2862
6.3232
6.2265
6.1341
6.1819
6.1319
6.3319
6.0732
6.0667
6.0395
6.0482
6.0591
6.0461
6.0569
6.359
6.0721
5.9479
5.9618
5.988
6.02
6.1308
5.9458
5.935
5.8979
5.8588
5.9144
5.8746
6.0797
5.7773
5.8486
5.7614
5.8723
5.7898
5.8371
5.9796
5.829
5.9543
5.7135
5.9296
5.7739
5.6818
5.643
5.6595
5.7887
5.725
5.6252
5.6264
5.5695
5.8622
5.965
5.6465
5.725
5.4987
5.4577
5.6983
5.4912
5.3588
5.5227
5.3525
5.3613
5.2733
5.566
5.2786
5.3119
5.2628
5.3386
5.3195
5.3965
5.4788
5.2444
5.2588
5.3626
5.3475
5.5648
5.1247
5.1087
5.1686
5.2457
5.1074
5.0843
5.0708
5.3525
5.0816
4.9983
5.0246
5.0094
5.064
4.9788
4.9251
4.9983
5.0735
4.9567
4.9774
4.881
4.8337
4.8309
5.13
5.1726
4.8907
4.9044
4.8601
4.8043
4.8267
4.8183
4.7293
4.6063
4.7846
4.7818
4.9512
4.6872
4.7379
4.7092
4.6122
4.6418
4.4979
4.5564
4.5464
4.4979
4.4864
4.495
4.6241
4.587
4.472
4.4176
4.4076
4.336
4.2998
4.2068
4.6344
4.3304
4.1558
4.3775
4.2704
4.1033
3.9425
4.1784
3.8104
3.8994
3.9344
3.6152
3.7193
3.4622
3.178
3.2999
3.1604
3.2421
6.9426
6.7329
6.3732
6.2667
6.246
6.2297
6.0852
6.0134
5.9078
5.9067
5.8336
5.8105
5.9177
5.7077
5.6477
5.4203
5.3802
5.414
5.2641
5.4153
5.2286
5.198
5.1806
5.0122
4.9058
4.7972
4.9237
4.8574
4.6564
4.6608
4.5929
4.4692
4.5421
4.5464
4.462
4.3249
4.2535
4.16
4.2648
4.4462
4.2167
4.211
4.0962
4.092
3.9263
3.9478
3.8833
3.8672
3.8577
3.8158
3.7318
3.8036
3.6476
7.5099
7.2143
6.6438
6.3666
6.1036
5.6382
5.6228
5.5011
4.8989
4.9649
4.7379
4.6886
4.5621
4.1515
4.0863
3.9035
7.4719
6.8796
6.2156
6.058
6.096
6.0493
5.9404
5.7979
5.7705
5.7375
5.6736
5.3965
5.1553
5.0925
5.4027
5.1313
5.0287
5.1273
5.0518
4.9663
5.1247
4.8393
4.8071
4.7507
4.5265
4.5929
4.515
4.6256
4.4233
4.4147
4.5722
4.5307
4.4892
4.5179
4.262
4.2507
4.1515
4.1969
4.2153
4.3304
4.1104
4.1628
4.2224
4.0031
4.1146
3.9075
3.7664
3.5722
3.5722
4.8028
4.6447
4.6901
4.6137
4.3166
4.452
4.4563
4.3663
4.5207
4.3332
4.304
4.4233
4.29
4.1997
4.3208
4.3415
4.1515
4.3208
4.2294
4.1912
4.1061
4.0821
4.0398
4.0511
4.0722
4.2224
4.0821
4.0652
4.0159
4.0736
4.0666
3.8846
4.0455
4.1685
4.0088
3.9791
4.0553
3.9532
3.9667
3.9653
4.0017
4.1075
4.0412
3.9918
3.9398
4.0891
3.968
3.921
4.0215
3.9694
4.0553
3.9398
3.8914
3.8361
4.1515
3.8766
3.8887
3.9021
3.8672
3.8307
3.9847
4.0187
4.0891
4.2408
3.8023
3.9572
3.933
3.9277
3.7137
3.7025
3.7095
3.6926
3.6631
3.7719
4.0595
3.6434
3.9989
3.656
3.7221
3.6056
3.5895
3.6476
3.5775
3.6391
3.618
3.6532
3.5936
3.6043
3.5615
3.7788
3.6673
3.8739
3.6434
3.5762
3.5561
3.6926
3.6701
3.6518
3.7179
3.5228
3.5628
3.7622
3.5454
3.5009
3.5989
3.488
3.8429
3.4906
3.4996
3.5494
3.7913
3.4429
3.4841
3.4725
3.4326
3.4558
3.5047
3.4288
3.8591
3.403
3.4391
3.4442
3.4288
3.4326
3.828
3.7692
3.6884
3.403
3.4416
3.4352
3.4816
3.3689
3.5882
3.3801
3.3502
3.3577
3.4082
3.3702
3.3764
3.31
3.3615
3.315
3.3863
3.7926
3.4635
3.4378
3.3402
3.4532
3.3263
3.5815
3.2924
3.3288
3.3163
3.2836
3.2987
3.4082
3.315
3.3439
3.3627
3.2836
3.2509
3.2622
3.3477
3.2936
3.2194
3.2609
3.4584
3.2245
3.1868
3.2458
3.4326
3.092
3.4365
3.4751
3.2169
3.1868
3.2018
3.183
3.2232
3.1641
3.144
3.1415
3.1616
3.2446
3.1316
3.0883
3.2031
3.1415
3.139
3.0945
3.1143
3.4133
3.0339
3.0722
3.0685
3.0388
3.2974
3.1143
3.1629
3.0809
3.2282
3.0242
3.2823
3.5521
3.0059
3.0071
3.1403
3.0132
2.9998
3.0047
3.1106
2.9876
3.0205
3.1805
2.9271
2.9562
3.0059
2.9562
3.0193
2.9434
2.9248
3.2484
2.9248
3.1516
2.9706
2.9096
3.0932
2.8852
3.071
2.8934
2.9457
2.9201
2.8992
2.9694
2.9446
3.0218
2.9694
2.8042
3.0437
2.8192
2.9155
2.8007
2.8482
3.0722
2.9318
2.9998
2.854
2.9681
2.81
2.7649
3.1453
2.8412
3.0784
2.9248
2.7683
4.2408
4.1572
3.729
3.6673
3.7678
3.6405
3.6335
3.6003
3.6645
3.5655
3.6828
3.5228
3.5047
3.5441
3.5086
3.7234
3.4301
3.4301
3.4133
3.2974
3.1403
3.2358
3.2081
3.2119
3.2685
3.1541
3.1792
3.1792
3.1328
3.1341
3.1168
3.227
3.1767
3.0635
3.0672
3.0499
2.9962
2.9669
3.023
2.9399
2.9658
3.1855
2.9658
2.8725
2.8806
2.898
2.8771
2.7961
2.8239
2.8493
4.0173
4.0708
3.7816
3.5253
3.1855
3.5414
3.4249
3.276
3.2999
3.5467
3.3238
3.1666
3.2157
3.0932
2.9779
4.4319
4.0173
4.075
3.9223
3.8483
3.7774
3.7318
3.7609
3.7567
3.7039
3.7137
3.6856
3.6701
3.6434
3.6029
3.5628
3.5202
3.5009
3.4532
3.4326
3.4429
3.4391
3.4133
3.3439
3.3112
3.5387
3.2936
3.2697
3.2421
3.2597
3.271
3.276
3.2345
3.1805
3.1453
3.0437
3.0932
3.1069
3.1229
2.9694
3.1155
3.0994
3.1007
3.0747
3.0413
3.0648
2.9791
3.0035
2.8389
2.9259
2.8875
2.8899
2.8771
2.8725
2.8644
2.8887
2.9598
2.9913
2.7498
2.8019
2.7891
