0.029
0.029
0.033
0.034
0.037
0.038
0.038
0.039
0.04
0.042
0.043
0.043
0.05
0.052
0.052
0.053
0.053
0.055
0.055
0.055
0.056
0.057
0.059
0.06
0.061
0.062
0.063
0.066
0.066
0.066
0.067
0.068
0.07
0.071
0.071
0.072
0.072
0.074
0.074
0.075
0.075
0.076
0.076
0.076
0.076
0.076
0.078
0.079
0.079
0.081
0.082
0.084
0.084
0.084
0.084
0.086
0.086
0.086
0.086
0.087
0.088
0.088
0.089
0.091
0.093
0.094
0.094
0.095
0.095
0.095
0.097
0.098
0.098
0.099
0.099
0.099
0.099
0.1
0.1
0.1
0.101
0.101
0.101
0.101
0.102
0.102
0.102
0.102
0.102
0.102
0.102
0.104
0.104
0.105
0.105
0.106
0.106
0.106
0.107
0.107
0.108
0.108
0.108
0.108
0.109
0.111
0.111
0.111
0.112
0.112
0.112
0.112
0.113
0.113
0.114
0.115
0.115
0.115
0.115
0.115
0.115
0.115
0.116
0.116
0.116
0.116
0.116
0.117
0.117
0.117
0.117
0.117
0.118
0.118
0.119
0.119
0.119
0.119
0.119
0.12
0.12
0.12
0.121
0.122
0.122
0.122
0.122
0.122
0.122
0.122
0.122
0.122
0.122
0.122
0.122
0.122
0.123
0.123
0.123
0.123
0.123
0.123
0.123
0.123
0.123
0.123
0.123
0.124
0.124
0.124
0.124
0.124
0.125
0.125
0.125
0.125
0.125
0.125
0.125
0.125
0.125
0.126
0.126
0.126
0.126
0.126
0.126
0.126
0.126
0.127
0.127
0.127
0.127
0.127
0.127
0.127
0.127
0.127
0.127
0.128
0.128
0.128
0.128
0.128
0.128
0.128
0.128
0.128
0.129
0.129
0.129
0.129
0.129
0.13
0.13
0.13
0.13
0.13
0.13
0.131
0.131
0.131
0.131
0.131
0.131
0.131
0.131
0.131
0.132
0.132
0.132
0.132
0.132
0.132
0.132
0.132
0.132
0.132
0.132
0.132
0.132
0.133
0.133
0.133
0.133
0.133
0.133
0.133
0.133
0.133
0.133
0.134
0.134
0.134
0.134
0.134
0.134
0.134
0.134
0.134
0.134
0.134
0.134
0.135
0.135
0.135
0.135
0.135
0.135
0.135
0.136
0.136
0.136
0.136
0.136
0.137
0.137
0.137
0.137
0.137
0.137
0.137
0.137
0.137
0.137
0.138
0.138
0.138
0.138
0.138
0.138
0.138
0.138
0.138
0.138
0.138
0.138
0.138
0.138
0.138
0.138
0.139
0.139
0.139
0.139
0.139
0.139
0.139
0.139
0.139
0.14
0.14
0.14
0.14
0.14
0.14
0.14
0.14
0.14
0.14
0.14
0.14
0.14
0.14
0.14
0.14
0.14
0.14
0.14
0.14
0.14
0.14
0.14
0.141
0.141
0.141
0.141
0.141
0.141
0.141
0.141
0.141
0.141
0.141
0.141
0.141
0.142
0.142
0.142
0.142
0.142
0.142
0.142
0.142
0.143
0.143
0.143
0.143
0.143
0.144
0.144
0.144
0.144
0.144
0.144
0.144
0.144
0.144
0.145
0.145
0.145
0.145
0.145
0.145
0.145
0.145
0.145
0.146
0.146
0.146
0.146
0.146
0.146
0.146
0.146
0.146
0.146
0.146
0.146
0.146
0.146
0.147
0.147
0.147
0.147
0.147
0.147
0.147
0.147
0.147
0.147
0.147
0.147
0.147
0.147
0.147
0.147
0.147
0.147
0.147
0.148
0.148
0.148
0.148
0.148
0.148
0.148
0.148
0.148
0.148
0.149
0.149
0.149
0.149
0.149
0.149
0.149
0.149
0.149
0.149
0.149
0.149
0.149
0.149
0.149
0.149
0.149
0.149
0.149
0.15
0.15
0.15
0.15
0.15
0.151
0.151
0.151
0.151
0.152
0.152
0.152
0.152
0.152
0.152
0.152
0.152
0.152
0.152
0.152
0.152
0.153
0.153
0.153
0.153
0.153
0.153
0.153
0.153
0.153
0.153
0.153
0.153
0.153
0.153
0.154
0.154
0.154
0.154
0.154
0.154
0.154
0.154
0.154
0.154
0.154
0.154
0.154
0.154
0.155
0.155
0.155
0.155
0.155
0.155
0.155
0.156
0.156
0.156
0.156
0.156
0.156
0.156
0.156
0.156
0.156
0.156
0.156
0.157
0.157
0.157
0.157
0.157
0.157
0.157
0.157
0.157
0.157
0.158
0.158
0.158
0.158
0.158
0.158
0.159
0.159
0.159
0.159
0.159
0.159
0.159
0.159
0.159
0.159
0.159
0.159
0.159
0.16
0.16
0.16
0.16
0.16
0.16
0.16
0.16
0.16
0.161
0.161
0.161
0.161
0.161
0.161
0.162
0.162
0.162
0.162
0.162
0.162
0.162
0.162
0.162
0.162
0.162
0.163
0.163
0.163
0.163
0.163
0.163
0.163
0.163
0.164
0.164
0.164
0.164
0.164
0.164
0.164
0.164
0.165
0.165
0.166
0.166
0.166
0.166
0.166
0.166
0.166
0.166
0.166
0.166
0.167
0.167
0.167
0.167
0.167
0.167
0.167
0.167
0.167
0.167
0.167
0.168
0.168
0.168
0.168
0.168
0.168
0.168
0.168
0.168
0.168
0.169
0.169
0.169
0.169
0.169
0.169
0.169
0.169
0.169
0.169
0.169
0.169
0.169
0.169
0.169
0.169
0.17
0.17
0.17
0.17
0.17
0.17
0.17
0.17
0.17
0.17
0.17
0.171
0.171
0.171
0.171
0.171
0.171
0.172
0.172
0.172
0.172
0.172
0.172
0.173
0.173
0.173
0.173
0.173
0.174
0.174
0.174
0.174
0.174
0.174
0.174
0.174
0.175
0.175
0.175
0.175
0.175
0.176
0.176
0.176
0.176
0.176
0.176
0.176
0.176
0.177
0.177
0.177
0.177
0.177
0.177
0.177
0.178
0.178
0.178
0.178
0.178
0.179
0.179
0.179
0.179
0.179
0.179
0.179
0.18
0.18
0.18
0.18
0.18
0.181
0.181
0.181
0.181
0.181
0.181
0.181
0.181
0.182
0.182
0.182
0.182
0.182
0.182
0.182
0.182
0.183
0.183
0.183
0.183
0.183
0.183
0.183
0.183
0.183
0.183
0.184
0.184
0.184
0.184
0.184
0.184
0.184
0.184
0.184
0.185
0.185
0.185
0.185
0.185
0.185
0.186
0.186
0.186
0.186
0.186
0.186
0.186
0.186
0.187
0.188
0.188
0.188
0.188
0.188
0.188
0.188
0.188
0.188
0.189
0.189
0.189
0.189
0.189
0.189
0.189
0.189
0.19
0.19
0.19
0.19
0.19
0.19
0.191
0.191
0.191
0.191
0.191
0.191
0.191
0.191
0.191
0.191
0.191
0.192
0.192
0.192
0.192
0.192
0.192
0.193
0.193
0.193
0.193
0.193
0.193
0.193
0.193
0.194
0.194
0.194
0.194
0.195
0.195
0.195
0.195
0.196
0.196
0.196
0.196
0.196
0.196
0.196
0.196
0.197
0.197
0.197
0.197
0.198
0.198
0.198
0.198
0.198
0.198
0.199
0.199
0.199
0.199
0.199
0.199
0.199
0.199
0.199
0.2
0.2
0.2
0.201
0.201
0.201
0.201
0.201
0.201
0.201
0.203
0.203
0.203
0.203
0.203
0.203
0.203
0.203
0.204
0.204
0.204
0.204
0.204
0.204
0.204
0.204
0.204
0.204
0.204
0.205
0.205
0.205
0.205
0.205
0.205
0.206
0.206
0.206
0.206
0.206
0.206
0.206
0.207
0.209
0.209
0.209
0.209
0.209
0.21
0.21
0.21
0.21
0.21
0.21
0.21
0.21
0.21
0.21
0.21
0.21
0.211
0.211
0.211
0.211
0.211
0.211
0.211
0.211
0.211
0.213
0.213
0.213
0.213
0.213
0.213
0.213
0.213
0.214
0.214
0.214
0.214
0.214
0.214
0.214
0.214
0.214
0.215
0.215
0.215
0.215
0.215
0.215
0.216
0.216
0.216
0.216
0.216
0.216
0.218
0.218
0.218
0.219
0.219
0.219
0.219
0.219
0.219
0.22
0.22
0.22
0.22
0.22
0.22
0.221
0.221
0.221
0.221
0.221
0.221
0.221
0.221
0.221
0.221
0.221
0.222
0.222
0.222
0.224
0.224
0.224
0.224
0.225
0.225
0.225
0.225
0.225
0.226
0.226
0.226
0.226
0.226
0.226
0.226
0.226
0.226
0.228
0.228
0.228
0.228
0.228
0.228
0.228
0.228
0.228
0.229
0.229
0.229
0.229
0.229
0.23
0.23
0.23
0.23
0.23
0.23
0.23
0.23
0.231
0.231
0.233
0.233
0.233
0.233
0.233
0.234
0.234
0.234
0.234
0.234
0.235
0.235
0.235
0.235
0.235
0.235
0.236
0.236
0.236
0.236
0.236
0.236
0.237
0.237
0.237
0.237
0.237
0.237
0.239
0.239
0.239
0.239
0.239
0.24
0.24
0.24
0.24
0.24
0.24
0.24
0.24
0.241
0.241
0.241
0.241
0.241
0.241
0.243
0.243
0.243
0.243
0.244
0.244
0.244
0.244
0.244
0.244
0.244
0.245
0.245
0.245
0.245
0.245
0.245
0.246
0.246
0.246
0.246
0.246
0.246
0.248
0.248
0.248
0.248
0.248
0.248
0.248
0.248
0.248
0.248
0.249
0.249
0.249
0.249
0.249
0.249
0.249
0.25
0.25
0.25
0.251
0.252
0.252
0.252
0.252
0.252
0.254
0.254
0.255
0.255
0.255
0.255
0.255
0.256
0.256
0.256
0.256
0.256
0.256
0.257
0.257
0.259
0.259
0.259
0.259
0.259
0.26
0.26
0.26
0.26
0.26
0.26
0.26
0.26
0.261
0.261
0.262
0.262
0.262
0.264
0.264
0.264
0.264
0.265
0.265
0.265
0.265
0.266
0.266
0.266
0.266
0.266
0.266
0.268
0.268
0.268
0.268
0.268
0.268
0.268
0.269
0.269
0.269
0.27
0.27
0.27
0.27
0.27
0.27
0.27
0.271
0.273
0.273
0.273
0.273
0.273
0.273
0.273
0.274
0.274
0.274
0.275
0.275
0.276
0.276
0.276
0.276
0.276
0.276
0.278
0.278
0.278
0.278
0.279
0.28
0.28
0.28
0.281
0.281
0.281
0.282
0.282
0.282
0.284
0.284
0.284
0.285
0.285
0.285
0.287
0.289
0.289
0.289
0.289
0.289
0.29
0.29
0.29
0.29
0.29
0.291
0.291
0.291
0.291
0.291
0.292
0.292
0.292
0.292
0.292
0.292
0.294
0.294
0.294
0.294
0.294
0.294
0.294
0.294
0.295
0.295
0.295
0.296
0.298
0.298
0.298
0.298
0.298
0.298
0.299
0.299
0.299
0.3
0.3
0.3
0.301
0.301
0.301
0.301
0.301
0.303
0.303
0.304
0.304
0.304
0.305
0.305
0.305
0.306
0.306
0.309
0.309
0.31
0.31
0.311
0.311
0.313
0.314
0.314
0.315
0.315
0.316
0.316
0.317
0.319
0.322
0.322
0.325
0.325
0.325
0.325
0.326
0.326
0.326
0.326
0.329
0.329
0.33
0.333
0.333
0.334
0.335
0.335
0.335
0.335
0.335
0.339
0.339
0.34
0.34
0.34
0.34
0.341
0.343
0.344
0.344
0.345
0.345
0.345
0.345
0.346
0.346
0.347
0.349
0.349
0.35
0.35
0.351
0.351
0.351
0.351
0.352
0.354
0.354
0.354
0.355
0.355
0.356
0.357
0.357
0.359
0.359
0.359
0.359
0.36
0.361
0.361
0.361
0.364
0.364
0.369
0.369
0.369
0.373
0.374
0.376
0.377
0.38
0.38
0.38
0.381
0.381
0.381
0.382
0.386
0.386
0.386
0.387
0.387
0.39
0.39
0.39
0.391
0.391
0.393
0.393
0.393
0.395
0.395
0.396
0.396
0.398
0.4
0.4
0.405
0.405
0.405
0.407
0.412
0.412
0.412
0.415
0.415
0.415
0.415
0.417
0.417
0.423
0.423
0.423
0.425
0.428
0.428
0.428
0.428
0.43
0.433
0.433
0.438
0.438
0.44
0.44
0.44
0.445
0.445
0.447
0.45
0.452
0.455
0.455
0.455
0.458
0.46
0.463
0.465
0.468
0.468
0.468
0.47
0.472
0.472
0.477
0.477
0.477
0.48
0.48
0.493
0.493
0.495
0.495
0.495
0.498
0.498
0.5
0.502
0.502
0.505
0.505
0.51
0.51
0.51
0.51
0.517
0.517
0.52
0.52
0.522
0.522
0.522
0.525
0.525
0.527
0.53
0.538
0.538
0.545
0.55
0.55
0.55
0.553
0.553
0.555
0.558
0.563
0.572
0.577
0.582
0.587
0.59
0.59
0.595
0.598
0.6
0.603
0.61
0.61
0.61
0.613
0.613
0.613
0.618
0.632
0.637
0.64
0.642
0.642
0.645
0.65
0.65
0.655
0.655
0.658
0.66
0.66
0.663
0.665
0.665
0.673
0.675
0.678
0.678
0.685
0.697
0.7
0.712
0.72
0.72
0.728
0.73
0.73
0.73
0.743
0.743
0.745
0.748
0.752
0.752
0.755
0.757
0.762
0.765
0.772
0.78
0.808
0.81
0.825
0.845
0.848
0.853
0.855
0.855
0.88
0.89
0.923
0.933
0.938
0.94
0.942
0.945
0.947
0.952
0.957
0.97
0.975
0.978
0.983
1
1
1.023
1.03
1.033
1.063
1.063
1.163
1.17
1.17
1.188
1.2
1.21
1.217
1.227
1.235
1.243
1.243
1.25
1.275
1.295
1.31
1.317
1.325
1.337
1.345
1.35
1.357
1.357
1.395
1.395
1.418
1.457
1.467
1.5
1.505
1.585
1.595
1.625
1.695
1.738
1.745
1.753
1.783
1.805
1.813
1.813
1.85
1.873
1.933
1.977
1.993
2
2.025
2.063
2.088
2.125
2.15
2.15
2.2
2.225
2.237
2.25
2.313
2.35
2.463
2.625
2.688
2.713
2.888
3
3.04
3.08
3.39
3.52
3.54
3.59
3.71
3.75
3.87
3.91
3.92
3.93
4.13
4.13
4.47
4.81
4.86
5.05
5.72
6.41
7.15
7.18
11.96
16.31
16.63
18.91
31.21
45.7
